
Initial statistics: 20 variables; iteration 0; function evaluation 0; phase 1
Function value   2.2935941e+03; maximum gradient component mag  -2.3243e+03
Var   Value    Gradient   |Var   Value    Gradient   |Var   Value    Gradient
  1  0.00000 -2.32433e+03 |  2  0.00000 -2.01226e+02 |  3  0.00000  8.25173e+02
  4  0.00000 -1.76340e+03 |  5  0.00000 -7.57481e+02 |  6  0.00000 -4.61340e+01
  7  0.00000 -4.92423e+01 |  8  0.00000 -4.66539e+01 |  9  0.00000 -4.57588e+01
 10  0.00000 -4.62070e+01 | 11  0.00000 -4.75477e+01 | 12  0.00000 -4.45165e+01
 13  0.00000 -4.27051e+01 | 14  0.00000 -4.42107e+01 | 15  0.00000 -4.27811e+01
 16  0.00000 -4.41625e+01 | 17  0.00000 -4.08681e+01 | 18  0.00000 -2.94323e+01
 19  0.00000 -2.32886e+01 | 20  0.00000 -1.28958e+01 |
Maximum number of function evaluations exceeded
 - final statistics:
20 variables; iteration 4; function evaluation 10
Function value   2.0105e+03; maximum gradient component mag  -2.2632e+03
Exit code = 3;  converg criter   1.0000e-01
Var   Value    Gradient   |Var   Value    Gradient   |Var   Value    Gradient
  1  0.04783 -2.26322e+03 |  2  0.00869 -1.41105e+02 |  3  0.16515  1.23780e+03
  4  0.12169 -1.24465e+03 |  5  0.22011 -6.59166e+02 |  6  0.01238 -3.92497e+01
  7  0.01399 -4.18615e+01 |  8  0.01323 -3.96566e+01 |  9  0.01304 -3.78317e+01
 10  0.01329 -3.77883e+01 | 11  0.01410 -3.87734e+01 | 12  0.01273 -3.62880e+01
 13  0.01217 -3.49658e+01 | 14  0.01273 -3.58252e+01 | 15  0.01198 -3.51038e+01
 16  0.01246 -3.61229e+01 | 17  0.01022 -3.40631e+01 | 18  0.00556 -2.51298e+01
 19  0.00408 -2.09589e+01 | 20  0.00197 -1.23567e+01 |

Initial statistics: 22 variables; iteration 0; function evaluation 0; phase 2
Function value   2.0104735e+03; maximum gradient component mag  -2.2496e+03
Var   Value    Gradient   |Var   Value    Gradient   |Var   Value    Gradient
  1  0.00000 -2.63858e+02 |  2  0.00000 -1.99718e+02 |  3  0.04783 -2.24957e+03
  4  0.00869 -1.44066e+02 |  5  0.16515  1.23754e+03 |  6  0.12169 -1.24326e+03
  7  0.22011 -6.68523e+02 |  8  0.01238 -3.97324e+01 |  9  0.01399 -4.24455e+01
 10  0.01323 -4.01515e+01 | 11  0.01304 -3.82435e+01 | 12  0.01329 -3.81674e+01
 13  0.01410 -3.91653e+01 | 14  0.01273 -3.65872e+01 | 15  0.01217 -3.52021e+01
 16  0.01273 -3.61021e+01 | 17  0.01198 -3.53607e+01 | 18  0.01246 -3.64366e+01
 19  0.01022 -3.43905e+01 | 20  0.00556 -2.53370e+01 | 21  0.00408 -2.11944e+01
 22  0.00197 -1.24472e+01 |
Maximum number of function evaluations exceeded
 - final statistics:
22 variables; iteration 5; function evaluation 20
Function value   1.3376e+03; maximum gradient component mag   1.7897e+03
Exit code = 3;  converg criter   1.0000e-02
Var   Value    Gradient   |Var   Value    Gradient   |Var   Value    Gradient
  1  1.00479  2.05280e+01 |  2  0.68719  8.56521e+01 |  3  0.64742 -1.63987e+03
  4 -0.22276  1.17409e+02 |  5  1.53825  1.78970e+03 |  6 -0.76442 -5.78495e+02
  7  3.23711 -6.63955e+02 |  8  0.15416  2.84234e+00 |  9  0.18789 -1.60748e+01
 10  0.17179 -6.57530e+00 | 11  0.14839  1.85530e+01 | 12  0.14656  2.39931e+01
 13  0.16039  1.83538e+01 | 14  0.13825  2.51655e+01 | 15  0.13231  2.64799e+01
 16  0.13457  3.14860e+01 | 17  0.12804  2.66213e+01 | 18  0.13406  2.69146e+01
 19  0.10864  2.09140e+01 | 20  0.02810  4.42588e+01 | 21  0.02011  2.64977e+01
 22  0.00698  1.68751e+01 |

Initial statistics: 49 variables; iteration 0; function evaluation 0; phase 3
Function value   1.3375548e+03; maximum gradient component mag   1.7053e+03
Var   Value    Gradient   |Var   Value    Gradient   |Var   Value    Gradient
  1  0.00000 -6.59519e+02 |  2  0.00000 -2.00869e+02 |  3  0.00000 -1.29591e+02
  4  0.00000  1.54449e+02 |  5  0.00000 -1.54419e+02 |  6  0.00000  5.74219e+00
  7  0.00000  2.00774e+02 |  8  0.00000  2.83356e+00 |  9  0.00000  1.81174e+02
 10  0.00000  6.03780e+01 | 11  0.00000  1.89795e+02 | 12  0.00000  3.67701e+01
 13  0.00000 -6.45819e+01 | 14  0.00000  5.91293e+01 | 15  0.00000  8.56987e+01
 16  0.00000  7.42058e+01 | 17  0.00000  7.89161e+01 | 18  0.00000 -2.82119e+00
 19  0.00000  5.98072e+01 | 20  0.00000  7.11254e+01 | 21  0.00000 -4.56293e+01
 22  0.00000  6.36474e+01 | 23  0.00000  4.49935e+01 | 24  0.00000  6.14146e+01
 25  0.00000  4.51690e+01 | 26  0.00000 -7.12479e+01 | 27  0.00000  2.78399e+01
 28  1.00479  2.75631e+01 | 29  0.68719  9.73788e+01 | 30  0.64742 -1.55296e+03
 31 -0.22276  1.11570e+02 | 32  1.53825  1.70528e+03 | 33 -0.76442 -6.20689e+02
 34  3.23711 -6.57111e+02 | 35  0.15416  3.31895e+00 | 36  0.18789 -1.81000e+01
 37  0.17179 -7.69581e+00 | 38  0.14839  2.16309e+01 | 39  0.14656  2.81210e+01
 40  0.16039  2.18375e+01 | 41  0.13825  2.91123e+01 | 42  0.13231  2.99784e+01
 43  0.13457  3.63059e+01 | 44  0.12804  3.03003e+01 | 45  0.13406  3.11487e+01
 46  0.10864  2.36405e+01 | 47  0.02810  5.04493e+01 | 48  0.02011  3.04796e+01
 49  0.00698  1.85268e+01 |

Intermediate statistics: 49 variables; iteration 10; function evaluation 16; phase 3
Function value   6.6450750e+02; maximum gradient component mag  -4.2228e+02
Var   Value    Gradient   |Var   Value    Gradient   |Var   Value    Gradient
  1 -0.23797  2.30365e+02 |  2 -1.24946 -2.10002e+02 |  3  0.32137 -8.73131e+00
  4  0.60921  1.61878e+02 |  5 -0.22272  6.24464e+01 |  6  0.22873 -6.56544e+00
  7  0.15165 -8.39428e+01 |  8  0.46588 -3.03054e+00 |  9  0.42147 -8.78543e+01
 10  0.50690 -2.98495e+01 | 11  0.17726 -8.86398e+01 | 12 -0.32632 -2.38487e+01
 13 -0.15589 -2.37111e+01 | 14 -0.11835 -1.90910e+01 | 15  0.39504  2.07963e+01
 16  0.03599 -1.78000e+01 | 17  0.26491  1.99462e+01 | 18  0.61546  2.55095e+01
 19  0.22304  2.92528e+01 | 20 -0.05813 -1.90567e+02 | 21  0.36464  1.96948e+02
 22 -0.22880 -1.80887e+02 | 23 -0.57266 -2.08778e+02 | 24 -0.15723 -1.87019e+02
 25 -0.47369 -2.14464e+02 | 26 -0.07409  1.78190e+02 | 27 -0.46570 -1.62005e+02
 28  1.75956 -1.68875e+01 | 29  0.67411 -1.34009e+01 | 30  0.82935 -4.22281e+02
 31 -1.51536 -3.18149e+01 | 32  0.07822  2.13476e+02 | 33  1.12074 -6.87152e+01
 34  0.44917 -9.79673e+01 | 35  0.69845 -5.31703e+00 | 36  0.56805 -5.98935e+00
 37  0.31631 -5.37584e+00 | 38  0.77075 -3.95241e+00 | 39  0.84984 -3.72581e+00
 40  0.80790 -4.06730e+00 | 41  0.65001 -3.93600e+00 | 42  0.36134 -4.29082e+00
 43  0.70674 -4.02148e+00 | 44  0.44006 -4.48167e+00 | 45  0.66367 -4.46011e+00
 46  0.42007 -4.48396e+00 | 47  0.64762 -2.91096e+00 | 48  0.60888 -2.76151e+00
 49  0.34861 -5.17707e-01 |
49 variables; iteration 20; function evaluation 28; phase 3
Function value   4.0211939e+02; maximum gradient component mag  -2.1137e+02
Var   Value    Gradient   |Var   Value    Gradient   |Var   Value    Gradient
  1 -1.43149  5.02358e+01 |  2  0.09595  3.39432e+01 |  3  3.36408 -5.22614e-02
  4  0.35424 -2.91741e+01 |  5  0.12177 -4.10508e+01 |  6 -0.49052  7.40714e+00
  7 -0.13388  3.84631e+01 |  8  0.13798  1.10240e+01 |  9  0.46394  4.11849e+01
 10  0.34286  2.37166e+01 | 11 -0.01887  4.47073e+01 | 12 -0.49274 -5.75756e+00
 13  0.13899 -5.96356e+00 | 14  0.51642  6.38647e+00 | 15  1.10832  7.69305e+00
 16  0.56753  6.01893e+00 | 17  0.41896  6.69580e+00 | 18  2.27967  1.66733e+01
 19 -1.00486  8.50971e+00 | 20 -0.11913  9.91599e+00 | 21  0.68841 -1.28667e+01
 22 -0.70316  6.47951e+00 | 23 -1.01443  1.19499e+01 | 24  0.33570  6.00134e+00
 25  0.10083  1.12537e+01 | 26  0.75689 -1.26538e+01 | 27  0.65729  1.04588e+01
 28  8.78861 -5.84135e+01 | 29 -8.48232 -4.51195e+01 | 30  0.53251 -2.11373e+02
 31  1.68032  2.64187e+01 | 32 -0.39301  2.05457e+02 | 33 -0.24450 -3.02775e+01
 34  0.99201 -1.25234e+02 | 35 -0.78588 -9.75264e+00 | 36 -0.50255 -1.09732e+01
 37 -0.60769 -8.71251e+00 | 38  0.02289 -2.43423e+00 | 39  0.38624 -1.39713e+00
 40  0.60759 -2.88243e+00 | 41  0.43585 -2.14504e+00 | 42  0.05543 -3.00844e+00
 43  0.50421 -1.20754e+00 | 44 -0.00236 -4.16584e+00 | 45  0.37292 -3.51657e+00
 46  0.29187 -4.65603e+00 | 47  0.33124  1.02997e+00 | 48  0.58565  1.48245e+00
 49  0.20639  1.31672e+00 |
Maximum number of function evaluations exceeded
 - final statistics:
49 variables; iteration 23; function evaluation 30
Function value   3.7858e+02; maximum gradient component mag   1.6613e+02
Exit code = 3;  converg criter   1.0000e-03
Var   Value    Gradient   |Var   Value    Gradient   |Var   Value    Gradient
  1 -1.69071  1.68880e+01 |  2 -0.66302  6.38529e+01 |  3  4.30683  1.03601e+01
  4 -0.60488 -7.28917e+01 |  5 -0.45668 -4.40781e+01 |  6 -0.66501  4.19539e+00
  7  0.61354  3.45448e+01 |  8 -0.00158  6.98016e+00 |  9 -0.54666  2.83218e+01
 10  0.03923  1.77711e+01 | 11 -0.40373  3.97811e+01 | 12 -0.49693 -9.24549e+00
 13 -0.57178 -9.01273e+00 | 14  0.66188  4.03026e+00 | 15  0.79530  7.61815e+00
 16  0.89114  3.82190e+00 | 17  0.38030  4.65284e+00 | 18  2.82779  2.08474e+01
 19 -1.35692  1.03344e+01 | 20 -0.33782  3.24933e+00 | 21  0.95396 -7.69944e+00
 22 -0.84695  1.71018e+00 | 23 -1.15709  4.95661e+00 | 24  1.13733  6.97592e-01
 25  0.66990  4.04255e+00 | 26  1.46460 -4.88468e+00 | 27  0.66541  5.56148e+00
 28  9.25407 -2.98663e+01 | 29 -8.75426 -2.18819e+01 | 30  0.61874 -1.60887e+02
 31  1.89278  2.58290e+01 | 32 -0.44264  1.66130e+02 | 33 -0.14929 -1.89211e+00
 34  0.84525 -9.06684e+01 | 35  0.08154  1.19939e+00 | 36 -0.01083 -1.41930e+00
 37 -0.63806 -3.03674e+00 | 38  0.07087  1.69310e+00 | 39  0.38791  2.08146e+00
 40  0.72521  1.56239e+00 | 41  0.44331  1.20430e+00 | 42 -0.24194 -8.72225e-01
 43  0.47914  2.34717e+00 | 44  0.27490  7.59409e-01 | 45  1.00361  1.68683e+00
 46  0.83541 -1.47822e-01 | 47  0.44335  3.47867e+00 | 48  0.28747  3.50368e+00
 49 -0.39977  2.79327e+00 |

Initial statistics: 52 variables; iteration 0; function evaluation 0; phase 4
Function value   3.7857848e+02; maximum gradient component mag   1.6613e+02
Var   Value    Gradient   |Var   Value    Gradient   |Var   Value    Gradient
  1 -1.69071  1.68880e+01 |  2 -0.66302  6.38529e+01 |  3  4.30683  1.03601e+01
  4 -0.60488 -7.28917e+01 |  5 -0.45668 -4.40781e+01 |  6 -0.66501  4.19539e+00
  7  0.61354  3.45448e+01 |  8 -0.00158  6.98016e+00 |  9 -0.54666  2.83218e+01
 10  0.03923  1.77711e+01 | 11 -0.40373  3.97811e+01 | 12 -0.49693 -9.24549e+00
 13 -0.57178 -9.01273e+00 | 14  0.66188  4.03026e+00 | 15  0.79530  7.61815e+00
 16  0.89114  3.82190e+00 | 17  0.38030  4.65284e+00 | 18  2.82779  2.08474e+01
 19 -1.35692  1.03344e+01 | 20 -0.33782  3.24933e+00 | 21  0.95396 -7.69944e+00
 22 -0.84695  1.71018e+00 | 23 -1.15709  4.95661e+00 | 24  1.13733  6.97592e-01
 25  0.66990  4.04255e+00 | 26  1.46460 -4.88468e+00 | 27  0.66541  5.56148e+00
 28  9.25407 -2.98663e+01 | 29 -8.75426 -2.18819e+01 | 30  0.61874 -1.60887e+02
 31  1.89278  2.58290e+01 | 32 -0.44264  1.66130e+02 | 33 -0.14929 -1.89211e+00
 34  0.00000 -1.63303e+01 | 35  0.00000  7.60084e+00 | 36  0.00000 -2.84302e+01
 37  0.84525 -9.06684e+01 | 38  0.08154  1.19939e+00 | 39 -0.01083 -1.41930e+00
 40 -0.63806 -3.03674e+00 | 41  0.07087  1.69310e+00 | 42  0.38791  2.08146e+00
 43  0.72521  1.56239e+00 | 44  0.44331  1.20430e+00 | 45 -0.24194 -8.72225e-01
 46  0.47914  2.34717e+00 | 47  0.27490  7.59409e-01 | 48  1.00361  1.68683e+00
 49  0.83541 -1.47822e-01 | 50  0.44335  3.47867e+00 | 51  0.28747  3.50368e+00
 52 -0.39977  2.79327e+00 |

Intermediate statistics: 52 variables; iteration 10; function evaluation 14; phase 4
Function value   3.0229407e+02; maximum gradient component mag  -1.2758e+02
Var   Value    Gradient   |Var   Value    Gradient   |Var   Value    Gradient
  1 -1.44652 -2.72560e+01 |  2 -0.86926 -5.53319e+01 |  3  4.15132 -1.97425e+01
  4 -0.38722  6.43659e+01 |  5 -0.12831 -4.79059e+01 |  6 -0.32469 -3.85259e+01
  7  0.79221  2.98368e+01 |  8  0.02676 -2.34140e+01 |  9 -0.32785  3.14534e+01
 10  0.21248 -2.56558e+01 | 11 -0.43800  4.02893e+01 | 12 -0.62127  9.32076e+00
 13 -0.69167 -2.24391e+01 | 14  0.51242  5.68151e+00 | 15  0.78786  1.86938e+01
 16  0.78497  9.10714e+00 | 17  0.43681  1.69923e+01 | 18  2.92178 -1.09909e+01
 19 -1.25514  1.78463e+01 | 20 -0.26606 -8.68442e+00 | 21  0.94945  3.48986e+01
 22 -0.65892 -2.17968e+01 | 23 -1.16590 -3.26429e+01 | 24  1.22120 -1.54829e+01
 25  0.66581 -3.15029e+01 | 26  1.39507  6.30053e-01 | 27  0.52800 -2.97112e+01
 28  8.69076  4.88192e+01 | 29 -9.08058  2.26001e+01 | 30  0.14190 -1.27576e+02
 31  1.65754  1.51644e+01 | 32 -0.72310  4.56935e+01 | 33 -0.76111 -7.20774e+01
 34 -0.02534  1.77524e+01 | 35 -0.26102 -4.12825e+00 | 36 -0.23828  5.36922e+01
 37  2.60164  3.34043e+01 | 38 -0.06704  2.21910e+00 | 39  0.07830 -2.48555e-01
 40 -0.42641 -1.19675e+00 | 41 -0.18443  3.79345e+00 | 42  0.10210  3.86578e+00
 43  0.49581  2.60238e+00 | 44  0.23223  1.51360e+00 | 45 -0.26651 -1.10545e+00
 46  0.12997  3.12188e+00 | 47  0.05484  2.22850e-01 | 48  0.63488  8.12589e-01
 49  0.60843 -2.96734e+00 | 50  0.02886 -1.63605e+00 | 51 -0.00351 -1.76324e+00
 52 -0.53793 -3.34761e+00 |
52 variables; iteration 20; function evaluation 25; phase 4
Function value   2.0955538e+02; maximum gradient component mag   1.9911e+02
Var   Value    Gradient   |Var   Value    Gradient   |Var   Value    Gradient
  1 -0.95084  1.99111e+02 |  2 -0.89859 -3.64587e+01 |  3  4.60074  1.82656e+01
  4 -0.70832  1.78884e+01 |  5  0.05914  1.59215e+02 |  6 -0.58958  3.03181e+01
  7  0.11089 -1.18340e+02 |  8  0.48043  3.97651e+01 |  9  0.04516 -1.27207e+02
 10  0.29647  1.13412e+00 | 11 -0.13496 -1.54353e+02 | 12 -0.07194 -1.86046e+01
 13 -0.72416  2.85060e+01 | 14  0.89306 -9.05220e+00 | 15  0.49487 -1.62197e+01
 16  0.41240 -6.43044e+00 | 17 -0.04743 -1.86982e+01 | 18  1.93819  2.74504e+01
 19 -1.46256 -1.81204e+01 | 20 -0.20874 -4.53508e+01 | 21  0.62719  4.29606e+01
 22  0.01209 -2.56358e+01 | 23 -1.41263 -4.56154e+01 | 24  1.00210 -2.40057e+01
 25  0.99422 -3.95606e+01 | 26  1.36696  6.19542e+01 | 27  0.26647 -3.09406e+01
 28  4.38396 -4.92758e+01 | 29 -5.67368 -5.32262e+01 | 30 -0.17205 -4.11528e+01
 31 -1.04916 -9.00749e+00 | 32 -0.55298  2.28369e+01 | 33 -0.68830 -2.16539e+01
 34  0.48331 -2.67591e+01 | 35 -1.36901 -6.78268e-01 | 36 -1.06688  3.20587e+01
 37  4.48300 -5.43726e+01 | 38  0.25858 -1.31370e+00 | 39  0.55797 -3.77665e+00
 40  0.15956 -7.33196e+00 | 41  0.02065 -1.18850e+01 | 42 -0.00851 -1.35619e+01
 43  0.15683 -1.22328e+01 | 44  0.02430 -6.40771e+00 | 45 -0.10027 -1.28286e+00
 46  0.28086 -8.22596e-01 | 47  0.17811  1.01927e+00 | 48  0.39341  7.33263e-01
 49  0.13241  2.85384e+00 | 50 -0.72474 -1.65140e+00 | 51 -0.39291 -1.00902e+00
 52 -0.22389  6.79840e-01 |
52 variables; iteration 30; function evaluation 37; phase 4
Function value   1.5178911e+02; maximum gradient component mag   2.3290e+02
Var   Value    Gradient   |Var   Value    Gradient   |Var   Value    Gradient
  1 -0.98424  2.32897e+02 |  2 -0.61969  4.09533e+01 |  3  5.46028  3.47819e+01
  4 -0.86773 -4.73987e+01 |  5  0.66969  1.13381e+02 |  6 -0.53821  3.02971e+01
  7 -0.37881 -1.06583e+02 |  8 -0.09737  3.79180e+01 |  9 -0.44444 -1.04868e+02
 10  0.51625  8.94699e+00 | 11  1.21825 -1.16017e+02 | 12  0.02446 -2.24386e+01
 13 -0.93793  1.84791e+01 | 14  1.31640 -5.41463e+00 | 15  0.15874 -1.39018e+01
 16  0.70159 -1.04383e+01 | 17 -0.38414 -1.57515e+01 | 18  1.86221  3.50459e+01
 19 -1.46009 -1.05900e+01 | 20 -0.49416 -2.58185e+01 | 21  1.26763  1.92097e+01
 22 -0.89593 -1.50942e+01 | 23 -0.94385 -1.46868e+01 | 24  1.86126 -1.06790e+01
 25  1.53079 -1.20396e+01 | 26  1.41125  3.50466e+01 | 27  0.26478 -9.16057e+00
 28  1.57643 -5.46191e+01 | 29 -2.68051 -4.74025e+01 | 30 -0.10032  4.27111e+01
 31 -2.43780 -4.43721e+00 | 32 -0.41867  3.89505e-01 | 33 -0.86711 -4.82315e+00
 34  1.15379  2.02157e+00 | 35 -2.33413 -1.62655e+00 | 36 -1.43043  3.54563e+00
 37  5.44456 -6.53516e+01 | 38  0.23497 -1.26750e+01 | 39  0.41941 -1.20272e+01
 40 -0.01129 -8.61037e+00 | 41  0.00748 -9.84593e+00 | 42  0.16504 -9.04613e+00
 43  0.40101 -9.97069e+00 | 44  0.22785 -1.07141e+01 | 45 -0.03361 -9.53388e+00
 46  0.21624 -8.94910e+00 | 47  0.01650 -8.41823e+00 | 48  0.00765 -7.24950e+00
 49 -0.36962 -4.41990e+00 | 50 -0.76472  3.66270e-01 | 51 -0.46424 -3.13449e+00
 52 -0.11790 -5.00088e-01 |
52 variables; iteration 40; function evaluation 48; phase 4
Function value   1.2882404e+02; maximum gradient component mag   4.1517e+01
Var   Value    Gradient   |Var   Value    Gradient   |Var   Value    Gradient
  1 -0.88095  4.15165e+01 |  2 -1.12161 -2.52544e+01 |  3  5.02976  8.46387e+00
  4 -1.76224  1.67441e+01 |  5  0.60123  1.80257e+00 |  6 -1.24691 -1.40554e+01
  7 -0.39762  2.38257e+00 |  8 -0.61278 -2.45416e-01 |  9 -0.43688  9.19146e-01
 10  1.63530 -8.82031e+00 | 11  0.88419  3.23996e-01 | 12  0.18425 -1.23437e+00
 13 -1.00484 -2.51219e-01 | 14  0.75727  5.08109e-03 | 15 -0.32724 -6.97731e-01
 16  0.79738  4.20401e-01 | 17 -0.40437 -5.23904e-01 | 18  0.69721  2.48181e+00
 19 -1.20820  1.89438e-01 | 20  0.05976 -1.02535e+01 | 21  1.73158 -7.81514e-01
 22 -0.96358 -2.53279e+00 | 23 -1.21571 -3.43667e-01 | 24  1.70255 -1.75571e+00
 25  1.59991  1.43408e+00 | 26  1.60395  1.65874e+01 | 27  0.93984  3.68593e+00
 28  1.26762 -5.05157e+00 | 29 -2.36308 -8.03116e+00 | 30 -0.25837  4.10483e+01
 31 -2.72766 -5.07768e+00 | 32 -0.38827 -1.34509e+01 | 33 -0.95468 -1.58555e+00
 34  1.15468  3.61577e+00 | 35 -2.18670  1.57863e+00 | 36 -1.38144  4.81473e+00
 37  5.73424 -3.07043e+00 | 38  0.46018  3.72092e+00 | 39  0.61162 -5.81296e+00
 40  0.34684  2.19991e+00 | 41  0.19693 -6.86498e+00 | 42  0.46113  5.64516e+00
 43  0.42717 -1.43794e+00 | 44  0.07198 -2.77659e+00 | 45 -0.13396  1.80757e+00
 46  0.13404 -1.15610e+00 | 47  0.02569 -2.81260e+00 | 48  0.16479  1.66719e+00
 49 -0.36795 -4.39197e+00 | 50 -0.92920 -1.53784e+00 | 51 -0.73971 -5.17668e+00
 52 -0.21339  3.21305e+00 |
52 variables; iteration 50; function evaluation 58; phase 4
Function value   1.0313827e+02; maximum gradient component mag   1.2853e+02
Var   Value    Gradient   |Var   Value    Gradient   |Var   Value    Gradient
  1 -0.68443  1.28528e+02 |  2 -1.05335  6.22061e+01 |  3  4.34185  2.84942e+01
  4 -1.78368 -6.05531e+01 |  5  0.44005  6.41119e+01 |  6 -1.77829  4.36062e+01
  7 -0.41625 -7.78176e+01 |  8 -1.26762  1.31676e+01 |  9 -0.31670 -5.96437e+01
 10  2.74577  1.73880e+01 | 11  0.34931 -7.23741e+01 | 12  0.09811 -1.34762e+01
 13  0.29804  1.26135e+01 | 14  0.96766 -6.33996e+00 | 15  0.81973 -1.13821e+01
 16 -0.97666 -1.15385e+01 | 17 -0.62503 -1.31073e+01 | 18 -0.74256  1.69566e+01
 19 -0.44496 -1.00060e+01 | 20  1.30629 -2.57413e+00 | 21  2.41900 -4.21630e+00
 22 -0.96579  2.95843e+00 | 23 -0.81820  4.13889e+00 | 24  0.93420 -2.56681e-01
 25  0.91895  3.31110e+00 | 26  1.81599  6.63049e+00 | 27  1.82201  4.93035e+00
 28  0.70312 -2.17692e+00 | 29 -1.68855 -7.00476e+00 | 30 -0.64686  1.54692e+01
 31 -2.42000 -5.70309e+00 | 32 -0.27231 -2.69907e+01 | 33 -0.94984  1.55060e+00
 34  0.92649 -1.30948e+01 | 35 -1.78454  3.08020e+00 | 36 -1.60282  8.35073e+00
 37  5.99713 -1.30690e+01 | 38  0.47891 -8.73396e+00 | 39  1.07317  2.35008e+00
 40  0.55509  1.13485e-01 | 41  0.37095  4.23912e+00 | 42  0.11968 -1.03980e+01
 43  0.58963  9.18147e+00 | 44  0.38707 -1.32727e+00 | 45  0.01312 -8.75357e+00
 46 -0.04386 -3.39909e+00 | 47 -0.45004 -1.60367e+00 | 48 -0.37068 -1.55605e-01
 49 -0.43338  5.82077e+00 | 50 -0.88871 -2.05473e+00 | 51 -0.50632  6.73256e-01
 52 -0.24698  4.09484e+00 |
52 variables; iteration 60; function evaluation 68; phase 4
Function value   6.3745706e+01; maximum gradient component mag   1.6534e+02
Var   Value    Gradient   |Var   Value    Gradient   |Var   Value    Gradient
  1 -0.49211  1.65340e+02 |  2 -0.64361  1.13790e+02 |  3  3.59271  3.12481e+01
  4 -1.33341 -9.68400e+01 |  5  0.14708 -2.14581e+01 |  6 -0.96477  3.56128e+01
  7 -0.13643  1.01351e+01 |  8 -0.44221  3.44156e+01 |  9 -0.18213  8.08530e+00
 10  1.37774  4.48782e+01 | 11  0.07566  1.62855e+01 | 12  0.80045 -1.45376e+01
 13  1.13013  7.21355e+00 | 14  1.43738 -6.44665e+00 | 15 -0.49562 -8.20126e-02
 16 -1.94893 -1.36925e+01 | 17 -1.63012 -2.04024e+00 | 18 -2.14056  1.77452e+01
 19  2.85562  3.44432e-01 | 20  1.12125 -2.42520e+00 | 21  2.01202  9.72011e+00
 22 -1.20263 -4.66900e+00 | 23 -0.68077 -9.78165e+00 | 24  0.78648 -5.07700e+00
 25  1.56034 -8.48778e+00 | 26  1.47428  3.86775e-01 | 27  0.54226 -8.89785e+00
 28  0.28405 -2.05864e+01 | 29 -1.22943 -1.81328e+01 | 30 -1.03507  9.12056e+00
 31 -1.27336 -5.23852e-01 | 32  0.19480 -8.11436e+00 | 33 -1.02473  1.63508e-01
 34  0.92075 -4.02537e-03 | 35 -1.85730 -8.81187e-01 | 36 -1.88964 -4.37789e+00
 37  5.96086 -2.14562e+01 | 38  0.50655 -5.60110e+00 | 39  0.95552  2.70654e+00
 40  0.53258 -1.40432e+00 | 41  0.21032 -1.02959e+01 | 42  0.19922 -6.24190e+00
 43  0.18432 -8.20827e+00 | 44 -0.09403 -7.15771e+00 | 45 -0.24351 -8.34348e+00
 46 -0.05364 -6.60440e+00 | 47 -0.25817 -1.45640e+01 | 48 -0.04887 -7.13162e+00
 49 -0.30420 -5.17007e+00 | 50 -0.68805 -2.35786e+00 | 51 -0.32070 -1.47661e-01
 52 -0.14065  1.44241e+00 |
52 variables; iteration 70; function evaluation 79; phase 4
Function value   4.5933064e+01; maximum gradient component mag   1.9300e+01
Var   Value    Gradient   |Var   Value    Gradient   |Var   Value    Gradient
  1 -0.45426 -8.39294e+00 |  2 -0.69328 -1.67795e+01 |  3  3.46509  1.48766e+00
  4 -1.36424  1.93003e+01 |  5  0.20183  1.90248e+01 |  6 -0.83850 -3.70856e+00
  7 -0.16929 -1.09496e+01 |  8 -0.51832 -4.07891e+00 |  9 -0.20629 -1.41240e+01
 10  1.31896 -8.84286e+00 | 11  0.19157 -1.73053e+01 | 12  1.57406  8.38771e+00
 13  0.65255  1.48159e+00 | 14  0.14122  6.44228e+00 | 15 -1.09503 -7.24380e-01
 16 -1.01643  6.76579e+00 | 17 -1.62265 -1.33736e+00 | 18 -1.89183 -9.12892e+00
 19  2.99879 -3.95014e+00 | 20  0.50193 -2.05689e+00 | 21  1.68343  3.94219e+00
 22 -1.23917 -2.87678e+00 | 23 -0.50617 -3.61344e+00 | 24  1.12916 -2.46109e+00
 25  1.61129 -3.42859e+00 | 26  1.23363  1.44796e+00 | 27  0.02513 -3.28710e+00
 28  0.38122 -8.26796e-01 | 29 -1.32666 -1.16417e+00 | 30 -1.24181  4.70645e+00
 31 -0.76606 -6.06524e-01 | 32  0.44268 -3.84138e+00 | 33 -1.03742 -1.52089e+00
 34  0.92052  6.60097e-01 | 35 -1.79860 -2.66052e-01 | 36 -1.85485  7.07061e-01
 37  5.91162 -7.94362e-01 | 38  0.55775  9.23571e-01 | 39  0.81478  6.33533e-01
 40  0.51154  5.16321e-01 | 41  0.20836  2.72990e-02 | 42  0.25090  4.40533e-01
 43  0.32770  1.43634e+00 | 44 -0.00974  2.55003e+00 | 45 -0.17366  3.99779e+00
 46 -0.10316  2.22341e+00 | 47 -0.11984  1.34764e+00 | 48 -0.05815 -1.70891e+00
 49 -0.26792 -2.64339e-01 | 50 -0.71825  3.01835e-01 | 51 -0.31043  2.17029e+00
 52 -0.16244 -1.38429e-01 |
52 variables; iteration 80; function evaluation 90; phase 4
Function value   4.5199004e+01; maximum gradient component mag   5.3535e-01
Var   Value    Gradient   |Var   Value    Gradient   |Var   Value    Gradient
  1 -0.48216  1.98934e-02 |  2 -0.73942 -2.52744e-01 |  3  3.55118 -1.37364e-01
  4 -1.43384  2.52070e-01 |  5  0.16951 -4.22800e-02 |  6 -0.89401  5.35348e-01
  7 -0.15262  2.96120e-01 |  8 -0.54178 -5.92843e-02 |  9 -0.22438  1.83869e-01
 10  1.39589  3.43019e-01 | 11  0.14166  2.40715e-01 | 12  1.76015 -9.51748e-02
 13  0.75029  2.74400e-01 | 14  0.12913 -5.83749e-02 | 15 -1.15063 -1.21466e-01
 16 -1.08768 -1.87222e-01 | 17 -1.64864 -8.83956e-02 | 18 -1.80171  1.44748e-01
 19  3.18500 -1.18000e-01 | 20  0.24853 -3.05006e-02 | 21  1.96457 -1.00633e-01
 22 -1.08594 -4.10080e-02 | 23 -0.68828 -1.33505e-03 | 24  1.26863 -7.34597e-02
 25  1.48419  2.78718e-04 | 26  1.10144  2.79055e-02 | 27  0.60892  2.62739e-02
 28  0.38486  8.65989e-02 | 29 -1.32930  8.02157e-02 | 30 -1.29129 -4.93439e-02
 31 -0.71550 -1.20433e-01 | 32  0.46161 -5.08971e-02 | 33 -1.00850 -1.70107e-01
 34  0.93440  4.41676e-01 | 35 -1.81117 -9.97906e-02 | 36 -1.83983 -1.36694e-01
 37  5.90677  3.55274e-01 | 38  0.56503 -2.04168e-01 | 39  0.81063 -8.43406e-02
 40  0.52489 -1.74380e-01 | 41  0.21100 -3.42548e-02 | 42  0.25995 -2.30395e-01
 43  0.32540 -2.36895e-01 | 44 -0.02933  8.48203e-02 | 45 -0.19605 -2.51787e-01
 46 -0.12492 -3.70203e-01 | 47 -0.10384 -2.05887e-01 | 48 -0.02685 -3.86791e-02
 49 -0.25258 -2.56141e-01 | 50 -0.72417 -5.26254e-01 | 51 -0.32893 -5.34497e-01
 52 -0.13805 -1.56423e-01 |
52 variables; iteration 90; function evaluation 101; phase 4
Function value   4.5181045e+01; maximum gradient component mag  -1.1943e-01
Var   Value    Gradient   |Var   Value    Gradient   |Var   Value    Gradient
  1 -0.48821 -1.19431e-01 |  2 -0.75186 -5.41200e-02 |  3  3.56585 -7.73198e-03
  4 -1.45272  2.68366e-02 |  5  0.16241  3.93011e-02 |  6 -0.92480 -3.38598e-02
  7 -0.15245  5.14258e-04 |  8 -0.56336  4.05695e-04 |  9 -0.22206 -1.61447e-02
 10  1.44190 -2.89742e-02 | 11  0.12002 -2.69690e-02 | 12  1.50607 -6.00301e-03
 13  0.78557 -6.94821e-03 | 14  0.21685 -1.27062e-02 | 15 -1.16683  7.44049e-03
 16 -1.03372 -1.05738e-03 | 17 -1.66316  6.78402e-03 | 18 -1.95255 -6.18202e-04
 19  3.24544  8.66155e-03 | 20  0.14642 -5.70645e-03 | 21  2.06505  1.81345e-02
 22 -1.03844 -2.27366e-03 | 23 -0.73236 -4.84360e-03 | 24  1.31028 -2.89669e-03
 25  1.43351 -7.59208e-03 | 26  1.02300  1.81122e-02 | 27  0.79198 -9.60866e-03
 28  0.39648  2.47755e-02 | 29 -1.34732  1.67516e-02 | 30 -1.29441  2.02677e-02
 31 -0.70707  4.92523e-03 | 32  0.46285 -3.31506e-03 | 33 -1.00337  1.90489e-02
 34  0.93617 -3.41859e-02 | 35 -1.80736  6.26966e-03 | 36 -1.83721 -5.32452e-02
 37  5.90513  4.74846e-02 | 38  0.56657 -3.38006e-03 | 39  0.81063 -1.19033e-03
 40  0.52752 -3.02392e-03 | 41  0.21126  1.13593e-02 | 42  0.26016 -7.73976e-03
 43  0.32523  6.14095e-03 | 44 -0.03003  3.00049e-02 | 45 -0.19245  2.84645e-03
 46 -0.12324  1.01775e-02 | 47 -0.10258  5.40074e-03 | 48 -0.02764  7.62370e-03
 49 -0.24974 -6.21018e-03 | 50 -0.71952 -1.69006e-02 | 51 -0.32227  2.56358e-02
 52 -0.13554 -1.76076e-02 |
52 variables; iteration 100; function evaluation 111; phase 4
Function value   4.5180771e+01; maximum gradient component mag   3.0796e-03
Var   Value    Gradient   |Var   Value    Gradient   |Var   Value    Gradient
  1 -0.48798  4.71810e-04 |  2 -0.75162  1.88148e-03 |  3  3.56518 -6.67156e-04
  4 -1.45227 -1.51448e-03 |  5  0.16259  3.07958e-03 |  6 -0.92646  4.20100e-04
  7 -0.15268  1.40345e-03 |  8 -0.56481  2.99462e-04 |  9 -0.22239  9.71228e-04
 10  1.44448  5.48070e-04 | 11  0.11999 -5.08353e-04 | 12  1.51045 -1.03881e-03
 13  0.78494 -1.85893e-04 | 14  0.21564 -9.63286e-04 | 15 -1.16667  4.55740e-04
 16 -1.03485 -6.53894e-04 | 17 -1.66276  5.10656e-04 | 18 -1.95000  1.11148e-03
 19  3.24433  7.50639e-04 | 20  0.08264  1.90845e-03 | 21  2.06537 -1.33445e-03
 22 -1.01715  1.77287e-03 | 23 -0.73616  2.03092e-03 | 24  1.32322  2.00893e-03
 25  1.43258  1.85144e-03 | 26  0.98784 -1.67668e-03 | 27  0.79477  1.11815e-03
 28  0.39585 -1.78263e-03 | 29 -1.34649 -1.27610e-03 | 30 -1.29462 -1.19662e-03
 31 -0.70667  1.40130e-04 | 32  0.46264 -5.52467e-04 | 33 -1.00336  1.58762e-03
 34  0.93703  1.87341e-03 | 35 -1.81075 -4.65435e-05 | 36 -1.83585  1.64869e-03
 37  5.90520 -7.16608e-04 | 38  0.56665 -1.25065e-03 | 39  0.81071  9.61285e-04
 40  0.52747 -1.80815e-03 | 41  0.21107  4.47534e-04 | 42  0.26014  1.66964e-04
 43  0.32520 -8.48590e-04 | 44 -0.03024 -1.04163e-04 | 45 -0.19258 -2.19826e-03
 46 -0.12342  1.50977e-03 | 47 -0.10272 -2.04387e-04 | 48 -0.02771 -1.61697e-03
 49 -0.24970  1.21131e-03 | 50 -0.71940  2.65991e-04 | 51 -0.32258 -3.41535e-04
 52 -0.13526 -2.53318e-04 |
52 variables; iteration 110; function evaluation 121; phase 4
Function value   4.5180771e+01; maximum gradient component mag   2.8724e-04
Var   Value    Gradient   |Var   Value    Gradient   |Var   Value    Gradient
  1 -0.48795  1.75983e-05 |  2 -0.75157 -7.64999e-05 |  3  3.56509 -9.27624e-06
  4 -1.45219  7.08106e-05 |  5  0.16257  2.87238e-04 |  6 -0.92646 -1.46279e-05
  7 -0.15267 -1.86045e-04 |  8 -0.56481  2.31718e-05 |  9 -0.22238 -2.19982e-04
 10  1.44448 -6.62074e-05 | 11  0.11995 -2.60029e-04 | 12  1.51050  1.66301e-07
 13  0.78494  2.64470e-05 | 14  0.21563 -5.72073e-06 | 15 -1.16666 -2.18719e-05
 16 -1.03486 -8.32846e-06 | 17 -1.66276 -2.03007e-05 | 18 -1.94997 -6.83364e-06
 19  3.24432 -2.74653e-05 | 20  0.08177 -1.89700e-05 | 21  2.06526  2.61206e-05
 22 -1.01684 -8.44189e-06 | 23 -0.73621 -1.43737e-05 | 24  1.32335 -2.57136e-08
 25  1.43261 -6.49845e-06 | 26  0.98736  3.10638e-05 | 27  0.79465 -1.16113e-05
 28  0.39582 -1.96887e-05 | 29 -1.34643 -2.21078e-05 | 30 -1.29461 -4.43532e-05
 31 -0.70672  1.90226e-06 | 32  0.46266 -1.80724e-05 | 33 -1.00338 -4.51122e-05
 34  0.93696 -4.49333e-06 | 35 -1.81056  3.28513e-06 | 36 -1.83593  2.66480e-05
 37  5.90520 -4.54661e-05 | 38  0.56666  5.58141e-06 | 39  0.81070 -9.14564e-06
 40  0.52748 -6.48253e-06 | 41  0.21106 -1.74205e-05 | 42  0.26014 -4.44130e-06
 43  0.32520 -1.80421e-05 | 44 -0.03024  2.19644e-05 | 45 -0.19257  1.47068e-05
 46 -0.12343 -1.01706e-05 | 47 -0.10271  1.77464e-05 | 48 -0.02770  9.94682e-07
 49 -0.24971 -3.93315e-06 | 50 -0.71940 -5.36897e-07 | 51 -0.32258 -1.53008e-05
 52 -0.13526 -5.26169e-06 |
Estimating row 1 out of 52 for hessian
Estimating row 2 out of 52 for hessian
Estimating row 3 out of 52 for hessian
Estimating row 4 out of 52 for hessian
Estimating row 5 out of 52 for hessian
Estimating row 6 out of 52 for hessian
Estimating row 7 out of 52 for hessian
Estimating row 8 out of 52 for hessian
Estimating row 9 out of 52 for hessian
Estimating row 10 out of 52 for hessian
Estimating row 11 out of 52 for hessian
Estimating row 12 out of 52 for hessian
Estimating row 13 out of 52 for hessian
Estimating row 14 out of 52 for hessian
Estimating row 15 out of 52 for hessian
Estimating row 16 out of 52 for hessian
Estimating row 17 out of 52 for hessian
Estimating row 18 out of 52 for hessian
Estimating row 19 out of 52 for hessian
Estimating row 20 out of 52 for hessian
Estimating row 21 out of 52 for hessian
Estimating row 22 out of 52 for hessian
Estimating row 23 out of 52 for hessian
Estimating row 24 out of 52 for hessian
Estimating row 25 out of 52 for hessian
Estimating row 26 out of 52 for hessian
Estimating row 27 out of 52 for hessian
Estimating row 28 out of 52 for hessian
Estimating row 29 out of 52 for hessian
Estimating row 30 out of 52 for hessian
Estimating row 31 out of 52 for hessian
Estimating row 32 out of 52 for hessian
Estimating row 33 out of 52 for hessian
Estimating row 34 out of 52 for hessian
Estimating row 35 out of 52 for hessian
Estimating row 36 out of 52 for hessian
Estimating row 37 out of 52 for hessian
Estimating row 38 out of 52 for hessian
Estimating row 39 out of 52 for hessian
Estimating row 40 out of 52 for hessian
Estimating row 41 out of 52 for hessian
Estimating row 42 out of 52 for hessian
Estimating row 43 out of 52 for hessian
Estimating row 44 out of 52 for hessian
Estimating row 45 out of 52 for hessian
Estimating row 46 out of 52 for hessian
Estimating row 47 out of 52 for hessian
Estimating row 48 out of 52 for hessian
Estimating row 49 out of 52 for hessian
Estimating row 50 out of 52 for hessian
Estimating row 51 out of 52 for hessian
Estimating row 52 out of 52 for hessian
 2.64481e-05 4.27587e-05 0.000271753 0.000332964 0.000526024 0.000620612 0.000898695 0.00127659 0.00160568 0.00188243 0.00238623 0.00286964 0.00319172 0.0035412 0.00426794 0.00453636 0.00550485 0.0061 0.00636655 0.00665769 0.00667457 0.00668001 0.00675705 0.00690702 0.00773306 0.00841698 0.00861998 0.00948618 0.0104121 0.0105892 0.0110553 0.0115568 0.0149414 0.0163209 0.0247804 0.0442178 0.0638608 0.0806972 0.0916037 0.0966105 0.108046 0.122234 0.145451 0.180889 0.24625 0.392365 0.463924 0.696574 1.07604 4.43754 6.48782 17.0691
Initial seed value -30
-45.1808 -45.1808
 mcmc sim 1  acceptance rate 0 0
-51.4279 -51.4279
 mcmc sim 201  acceptance rate 0.00497512 0.005
decreasing step size -222.323
-62.2225 -62.2225
 mcmc sim 401  acceptance rate 0.369077 0.735
increasing step size -186.28
-75.4121 -75.4121
 mcmc sim 601  acceptance rate 0.391015 0.435
increasing step size -176.799
-82.2126 -82.2126
 mcmc sim 801  acceptance rate 0.393258 0.4
-77.4952 -77.4952
 mcmc sim 1001  acceptance rate 0.386613 0.36
-74.0712 -74.0712
 mcmc sim 1201  acceptance rate 0.386345 0.385
-79.4984 -79.4984
 mcmc sim 1401  acceptance rate 0.393291 0.435
increasing step size -167.318
-75.1028 -75.1028
 mcmc sim 1601  acceptance rate 0.379763 0.285
-72.4628 -72.4628
 mcmc sim 1801  acceptance rate 0.368684 0.28
-76.8931 -76.8931
 mcmc sim 2001  acceptance rate 0.364318 0.325
-64.5541 -64.5541
 mcmc sim 2201  acceptance rate 0.355293 0.265
-63.1736 -63.1736
 mcmc sim 2401  acceptance rate 0.346106 0.245
-71.5027 -71.5027
 mcmc sim 2601  acceptance rate 0.336794 0.225
-71.5855 -71.5855
 mcmc sim 2801  acceptance rate 0.335594 0.32
-71.474 -71.474
 mcmc sim 3001  acceptance rate 0.331223 0.27
-78.7553 -78.7553
 mcmc sim 3201  acceptance rate 0.332084 0.345
-82.7661 -82.7661
 mcmc sim 3401  acceptance rate 0.332255 0.335
-89.2603 -89.2603
 mcmc sim 3601  acceptance rate 0.328798 0.27
-79.3084 -79.3084
 mcmc sim 3801  acceptance rate 0.331229 0.375
-80.6362 -80.6362
 mcmc sim 4001  acceptance rate 0.328668 0.28
-81.7901 -81.7901
 mcmc sim 4201  acceptance rate 0.328017 0.315
-75.5793 -75.5793
 mcmc sim 4401  acceptance rate 0.328107 0.33
-80.1836 -80.1836
 mcmc sim 4601  acceptance rate 0.331667 0.41
-75.8365 -75.8365
 mcmc sim 4801  acceptance rate 0.329931 0.29
-84.8974 -84.8974
 mcmc sim 5001  acceptance rate 0.329934 0.33
-69.7688 -69.7688
 mcmc sim 5201  acceptance rate 0.330321 0.34
-80.4261 -80.4261
 mcmc sim 5401  acceptance rate 0.328828 0.29
-74.5757 -74.5757
 mcmc sim 5601  acceptance rate 0.33012 0.365
-70.6544 -70.6544
 mcmc sim 5801  acceptance rate 0.33046 0.34
-76.1862 -76.1862
 mcmc sim 6001  acceptance rate 0.330112 0.32
-74.1826 -74.1826
 mcmc sim 6201  acceptance rate 0.328495 0.28
-67.1483 -67.1483
 mcmc sim 6401  acceptance rate 0.327293 0.29
-70.7068 -70.7068
 mcmc sim 6601  acceptance rate 0.324193 0.225
-82.5583 -82.5583
 mcmc sim 6801  acceptance rate 0.324217 0.325
-78.1998 -78.1998
 mcmc sim 7001  acceptance rate 0.322811 0.275
-84.7626 -84.7626
 mcmc sim 7201  acceptance rate 0.323427 0.345
-79.1052 -79.1052
 mcmc sim 7401  acceptance rate 0.321984 0.27
-58.4153 -58.4153
 mcmc sim 7601  acceptance rate 0.319563 0.23
-76.6462 -76.6462
 mcmc sim 7801  acceptance rate 0.317139 0.225
-70.2541 -70.2541
 mcmc sim 8001  acceptance rate 0.315586 0.255
-82.4911 -82.4911
 mcmc sim 8201  acceptance rate 0.317522 0.395
-87.788 -87.788
 mcmc sim 8401  acceptance rate 0.318295 0.35
-81.7668 -81.7668
 mcmc sim 8601  acceptance rate 0.318916 0.345
-76.672 -76.672
 mcmc sim 8801  acceptance rate 0.319396 0.34
-81.3474 -81.3474
 mcmc sim 9001  acceptance rate 0.32052 0.37
-88.4549 -88.4549
 mcmc sim 9201  acceptance rate 0.319422 0.27
-80.6525 -80.6525
 mcmc sim 9401  acceptance rate 0.320498 0.37
-83.5571 -83.5571
 mcmc sim 9601  acceptance rate 0.321112 0.35
-78.8184 -78.8184
 mcmc sim 9801  acceptance rate 0.320171 0.275
-76.9709 -76.9709
 mcmc sim 10001  acceptance rate 0.321868 0.405
-77.2021 -77.2021
 mcmc sim 10201  acceptance rate 0.322223 0.34
-80.0413 -80.0413
 mcmc sim 10401  acceptance rate 0.322277 0.325
-78.0775 -78.0775
 mcmc sim 10601  acceptance rate 0.322894 0.355
-83.4921 -83.4921
 mcmc sim 10801  acceptance rate 0.323026 0.33
-71.8121 -71.8121
 mcmc sim 11001  acceptance rate 0.324334 0.395
-72.571 -72.571
 mcmc sim 11201  acceptance rate 0.323096 0.255
-71.1971 -71.1971
 mcmc sim 11401  acceptance rate 0.32234 0.28
-68.1779 -68.1779
 mcmc sim 11601  acceptance rate 0.32161 0.28
-64.1245 -64.1245
 mcmc sim 11801  acceptance rate 0.321329 0.305
-78.3653 -78.3653
 mcmc sim 12001  acceptance rate 0.322056 0.365
-87.5768 -87.5768
 mcmc sim 12201  acceptance rate 0.322105 0.325
-88.6318 -88.6318
 mcmc sim 12401  acceptance rate 0.32328 0.395
-76.0375 -76.0375
 mcmc sim 12601  acceptance rate 0.324022 0.37
-76.8655 -76.8655
 mcmc sim 12801  acceptance rate 0.324506 0.355
-76.7346 -76.7346
 mcmc sim 13001  acceptance rate 0.324744 0.34
-78.6992 -78.6992
 mcmc sim 13201  acceptance rate 0.325884 0.4
-81.8309 -81.8309
 mcmc sim 13401  acceptance rate 0.325274 0.285
-87.8455 -87.8455
 mcmc sim 13601  acceptance rate 0.324903 0.3
-89.7955 -89.7955
 mcmc sim 13801  acceptance rate 0.325846 0.39
-64.8218 -64.8218
 mcmc sim 14001  acceptance rate 0.326762 0.39
-73.8878 -73.8878
 mcmc sim 14201  acceptance rate 0.326033 0.275
-88.7297 -88.7297
 mcmc sim 14401  acceptance rate 0.32588 0.315
-73.6046 -73.6046
 mcmc sim 14601  acceptance rate 0.326827 0.395
-84.7488 -84.7488
 mcmc sim 14801  acceptance rate 0.326262 0.285
-75.4717 -75.4717
 mcmc sim 15001  acceptance rate 0.326578 0.35
-74.8494 -74.8494
 mcmc sim 15201  acceptance rate 0.32715 0.37
-82.5146 -82.5146
 mcmc sim 15401  acceptance rate 0.327641 0.365
-89.7143 -89.7143
 mcmc sim 15601  acceptance rate 0.328312 0.38
-79.3975 -79.3975
 mcmc sim 15801  acceptance rate 0.329283 0.405
-73.5303 -73.5303
 mcmc sim 16001  acceptance rate 0.328854 0.295
-84.8094 -84.8094
 mcmc sim 16201  acceptance rate 0.328807 0.325
-67.0318 -67.0318
 mcmc sim 16401  acceptance rate 0.328699 0.32
-74.8954 -74.8954
 mcmc sim 16601  acceptance rate 0.328956 0.35
-70.8781 -70.8781
 mcmc sim 16801  acceptance rate 0.328254 0.27
-82.1297 -82.1297
 mcmc sim 17001  acceptance rate 0.328392 0.34
-81.0167 -81.0167
 mcmc sim 17201  acceptance rate 0.328876 0.37
-71.1871 -71.1871
 mcmc sim 17401  acceptance rate 0.328372 0.285
-74.3315 -74.3315
 mcmc sim 17601  acceptance rate 0.327936 0.29
-81.6019 -81.6019
 mcmc sim 17801  acceptance rate 0.328128 0.345
-76.5067 -76.5067
 mcmc sim 18001  acceptance rate 0.327704 0.29
-77.8625 -77.8625
 mcmc sim 18201  acceptance rate 0.327509 0.31
-72.9958 -72.9958
 mcmc sim 18401  acceptance rate 0.327645 0.34
-75.5826 -75.5826
 mcmc sim 18601  acceptance rate 0.326595 0.23
-95.0135 -95.0135
 mcmc sim 18801  acceptance rate 0.326312 0.3
-97.2258 -97.2258
 mcmc sim 19001  acceptance rate 0.327141 0.405
-81.7214 -81.7214
 mcmc sim 19201  acceptance rate 0.327275 0.34
-86.727 -86.727
 mcmc sim 19401  acceptance rate 0.326942 0.295
-87.3718 -87.3718
 mcmc sim 19601  acceptance rate 0.327738 0.405
-77.7966 -77.7966
 mcmc sim 19801  acceptance rate 0.326852 0.24
-72.321 -72.321
 mcmc sim 20001  acceptance rate 0.326184 0.26
-70.6209 -70.6209
 mcmc sim 20201  acceptance rate 0.326568 0.365
-84.4834 -84.4834
 mcmc sim 20401  acceptance rate 0.326209 0.29
-69.9723 -69.9723
 mcmc sim 20601  acceptance rate 0.326392 0.345
-67.0613 -67.0613
 mcmc sim 20801  acceptance rate 0.326186 0.305
-86.8345 -86.8345
 mcmc sim 21001  acceptance rate 0.32608 0.315
-74.0837 -74.0837
 mcmc sim 21201  acceptance rate 0.326353 0.355
-77.6787 -77.6787
 mcmc sim 21401  acceptance rate 0.325919 0.28
-71.6428 -71.6428
 mcmc sim 21601  acceptance rate 0.326096 0.345
-74.957 -74.957
 mcmc sim 21801  acceptance rate 0.325627 0.275
-71.8544 -71.8544
 mcmc sim 22001  acceptance rate 0.326258 0.395
-77.3251 -77.3251
 mcmc sim 22201  acceptance rate 0.326517 0.355
-77.9266 -77.9266
 mcmc sim 22401  acceptance rate 0.326905 0.37
-75.1373 -75.1373
 mcmc sim 22601  acceptance rate 0.326711 0.305
-74.9247 -74.9247
 mcmc sim 22801  acceptance rate 0.326258 0.275
-84.0427 -84.0427
 mcmc sim 23001  acceptance rate 0.326551 0.36
-85.3405 -85.3405
 mcmc sim 23201  acceptance rate 0.326624 0.335
-70.4396 -70.4396
 mcmc sim 23401  acceptance rate 0.326738 0.34
-80.9446 -80.9446
 mcmc sim 23601  acceptance rate 0.3263 0.275
-82.584 -82.584
 mcmc sim 23801  acceptance rate 0.326247 0.32
-71.8797 -71.8797
 mcmc sim 24001  acceptance rate 0.326153 0.315
-69.0474 -69.0474
 mcmc sim 24201  acceptance rate 0.325896 0.295
-81.7249 -81.7249
 mcmc sim 24401  acceptance rate 0.32597 0.335
-78.1623 -78.1623
 mcmc sim 24601  acceptance rate 0.325962 0.325
-73.3363 -73.3363
 mcmc sim 24801  acceptance rate 0.326035 0.335
-76.2642 -76.2642
 mcmc sim 25001  acceptance rate 0.325867 0.305
-83.7782 -83.7782
 mcmc sim 25201  acceptance rate 0.325622 0.295
-83.7921 -83.7921
 mcmc sim 25401  acceptance rate 0.325853 0.355
-75.4191 -75.4191
 mcmc sim 25601  acceptance rate 0.326237 0.375
-79.917 -79.917
 mcmc sim 25801  acceptance rate 0.326344 0.34
-80.9986 -80.9986
 mcmc sim 26001  acceptance rate 0.325834 0.26
-79.1937 -79.1937
 mcmc sim 26201  acceptance rate 0.325751 0.315
-76.7157 -76.7157
 mcmc sim 26401  acceptance rate 0.325253 0.26
-69.661 -69.661
 mcmc sim 26601  acceptance rate 0.325138 0.31
-75.5368 -75.5368
 mcmc sim 26801  acceptance rate 0.324652 0.26
-70.6605 -70.6605
 mcmc sim 27001  acceptance rate 0.324321 0.28
-73.4131 -73.4131
 mcmc sim 27201  acceptance rate 0.32451 0.35
-76.9847 -76.9847
 mcmc sim 27401  acceptance rate 0.324477 0.32
-75.8033 -75.8033
 mcmc sim 27601  acceptance rate 0.324082 0.27
-74.2423 -74.2423
 mcmc sim 27801  acceptance rate 0.323298 0.215
-64.555 -64.555
 mcmc sim 28001  acceptance rate 0.322846 0.26
-71.6872 -71.6872
 mcmc sim 28201  acceptance rate 0.322932 0.335
-80.7293 -80.7293
 mcmc sim 28401  acceptance rate 0.322594 0.275
-79.0321 -79.0321
 mcmc sim 28601  acceptance rate 0.323205 0.41
-78.2996 -78.2996
 mcmc sim 28801  acceptance rate 0.323357 0.345
-69.6518 -69.6518
 mcmc sim 29001  acceptance rate 0.323058 0.28
-74.2783 -74.2783
 mcmc sim 29201  acceptance rate 0.322763 0.28
-85.4752 -85.4752
 mcmc sim 29401  acceptance rate 0.323118 0.375
-72.02 -72.02
 mcmc sim 29601  acceptance rate 0.323367 0.36
-76.2842 -76.2842
 mcmc sim 29801  acceptance rate 0.323815 0.39
-86.5801 -86.5801
 mcmc sim 30001  acceptance rate 0.324123 0.37
-78.9115 -78.9115
 mcmc sim 30201  acceptance rate 0.324161 0.33
-82.47 -82.47
 mcmc sim 30401  acceptance rate 0.324134 0.32
-72.5919 -72.5919
 mcmc sim 30601  acceptance rate 0.324074 0.315
-81.3896 -81.3896
 mcmc sim 30801  acceptance rate 0.323756 0.275
-72.3687 -72.3687
 mcmc sim 31001  acceptance rate 0.323957 0.355
-78.6042 -78.6042
 mcmc sim 31201  acceptance rate 0.3239 0.315
-70.126 -70.126
 mcmc sim 31401  acceptance rate 0.323875 0.32
-82.2322 -82.2322
 mcmc sim 31601  acceptance rate 0.323123 0.205
-78.0259 -78.0259
 mcmc sim 31801  acceptance rate 0.322946 0.295
-73.0525 -73.0525
 mcmc sim 32001  acceptance rate 0.323177 0.36
-84.2161 -84.2161
 mcmc sim 32201  acceptance rate 0.323313 0.345
-77.4492 -77.4492
 mcmc sim 32401  acceptance rate 0.323076 0.285
-78.5249 -78.5249
 mcmc sim 32601  acceptance rate 0.322966 0.305
-77.4581 -77.4581
 mcmc sim 32801  acceptance rate 0.322947 0.32
-77.6572 -77.6572
 mcmc sim 33001  acceptance rate 0.323172 0.36
-79.773 -79.773
 mcmc sim 33201  acceptance rate 0.323002 0.295
-80.0019 -80.0019
 mcmc sim 33401  acceptance rate 0.323194 0.355
-77.0565 -77.0565
 mcmc sim 33601  acceptance rate 0.323294 0.34
-76.7108 -76.7108
 mcmc sim 33801  acceptance rate 0.323422 0.345
-82.1435 -82.1435
 mcmc sim 34001  acceptance rate 0.323432 0.325
-72.7921 -72.7921
 mcmc sim 34201  acceptance rate 0.32347 0.33
-92.016 -92.016
 mcmc sim 34401  acceptance rate 0.323653 0.355
-82.1656 -82.1656
 mcmc sim 34601  acceptance rate 0.323719 0.335
-76.32 -76.32
 mcmc sim 34801  acceptance rate 0.323784 0.335
-74.3198 -74.3198
 mcmc sim 35001  acceptance rate 0.323734 0.315
-71.6938 -71.6938
 mcmc sim 35201  acceptance rate 0.323627 0.305
-80.1602 -80.1602
 mcmc sim 35401  acceptance rate 0.323578 0.315
-65.8894 -65.8894
 mcmc sim 35601  acceptance rate 0.323811 0.365
-79.3768 -79.3768
 mcmc sim 35801  acceptance rate 0.323818 0.325
-73.5289 -73.5289
 mcmc sim 36001  acceptance rate 0.32413 0.38
-77.3254 -77.3254
 mcmc sim 36201  acceptance rate 0.323997 0.3
-84.3923 -84.3923
 mcmc sim 36401  acceptance rate 0.3237 0.27
-73.6356 -73.6356
 mcmc sim 36601  acceptance rate 0.323762 0.335
-77.0044 -77.0044
 mcmc sim 36801  acceptance rate 0.32366 0.305
-73.9855 -73.9855
 mcmc sim 37001  acceptance rate 0.323775 0.345
-76.8395 -76.8395
 mcmc sim 37201  acceptance rate 0.323674 0.305
-80.4075 -80.4075
 mcmc sim 37401  acceptance rate 0.323842 0.355
-76.857 -76.857
 mcmc sim 37601  acceptance rate 0.323901 0.335
-79.6261 -79.6261
 mcmc sim 37801  acceptance rate 0.323642 0.275
-75.2852 -75.2852
 mcmc sim 38001  acceptance rate 0.323413 0.28
-67.1318 -67.1318
 mcmc sim 38201  acceptance rate 0.32295 0.235
-81.5926 -81.5926
 mcmc sim 38401  acceptance rate 0.322986 0.33
-71.663 -71.663
 mcmc sim 38601  acceptance rate 0.323152 0.355
-71.175 -71.175
 mcmc sim 38801  acceptance rate 0.32311 0.315
-79.6349 -79.6349
 mcmc sim 39001  acceptance rate 0.323146 0.33
-80.1507 -80.1507
 mcmc sim 39201  acceptance rate 0.323257 0.345
-81.561 -81.561
 mcmc sim 39401  acceptance rate 0.323367 0.345
-70.0512 -70.0512
 mcmc sim 39601  acceptance rate 0.323451 0.34
-74.5141 -74.5141
 mcmc sim 39801  acceptance rate 0.323459 0.325
-68.0598 -68.0598
 mcmc sim 40001  acceptance rate 0.323167 0.265
-80.4298 -80.4298
 mcmc sim 40201  acceptance rate 0.323251 0.34
-74.5266 -74.5266
 mcmc sim 40401  acceptance rate 0.323383 0.35
-78.7744 -78.7744
 mcmc sim 40601  acceptance rate 0.323613 0.37
-85.2937 -85.2937
 mcmc sim 40801  acceptance rate 0.323889 0.38
-80.0709 -80.0709
 mcmc sim 41001  acceptance rate 0.323773 0.3
-90.0507 -90.0507
 mcmc sim 41201  acceptance rate 0.324143 0.4
-79.5682 -79.5682
 mcmc sim 41401  acceptance rate 0.32434 0.365
-84.9648 -84.9648
 mcmc sim 41601  acceptance rate 0.324151 0.285
-73.8564 -73.8564
 mcmc sim 41801  acceptance rate 0.324251 0.345
-77.0925 -77.0925
 mcmc sim 42001  acceptance rate 0.324349 0.345
-87.5907 -87.5907
 mcmc sim 42201  acceptance rate 0.324447 0.345
-81.8442 -81.8442
 mcmc sim 42401  acceptance rate 0.324214 0.275
-71.3173 -71.3173
 mcmc sim 42601  acceptance rate 0.324335 0.35
-76.8884 -76.8884
 mcmc sim 42801  acceptance rate 0.324058 0.265
-66.7832 -66.7832
 mcmc sim 43001  acceptance rate 0.32376 0.26
-80.0912 -80.0912
 mcmc sim 43201  acceptance rate 0.323557 0.28
-78.9183 -78.9183
 mcmc sim 43401  acceptance rate 0.323403 0.29
-68.3252 -68.3252
 mcmc sim 43601  acceptance rate 0.323571 0.36
-85.6744 -85.6744
 mcmc sim 43801  acceptance rate 0.323326 0.27
-75.3146 -75.3146
 mcmc sim 44001  acceptance rate 0.323334 0.325
-69.882 -69.882
 mcmc sim 44201  acceptance rate 0.323205 0.295
-76.2226 -76.2226
 mcmc sim 44401  acceptance rate 0.323281 0.34
-79.9109 -79.9109
 mcmc sim 44601  acceptance rate 0.323311 0.33
-74.6164 -74.6164
 mcmc sim 44801  acceptance rate 0.323185 0.295
-85.3234 -85.3234
 mcmc sim 45001  acceptance rate 0.323215 0.33
-85.5115 -85.5115
 mcmc sim 45201  acceptance rate 0.323112 0.3
-77.562 -77.562
 mcmc sim 45401  acceptance rate 0.323341 0.375
-81.4596 -81.4596
 mcmc sim 45601  acceptance rate 0.32337 0.33
-75.2863 -75.2863
 mcmc sim 45801  acceptance rate 0.323312 0.31
-74.0093 -74.0093
 mcmc sim 46001  acceptance rate 0.323623 0.395
-87.8628 -87.8628
 mcmc sim 46201  acceptance rate 0.323716 0.345
-76.6149 -76.6149
 mcmc sim 46401  acceptance rate 0.324002 0.39
-79.3421 -79.3421
 mcmc sim 46601  acceptance rate 0.324156 0.36
-76.6912 -76.6912
 mcmc sim 46801  acceptance rate 0.324032 0.295
-78.7161 -78.7161
 mcmc sim 47001  acceptance rate 0.323929 0.3
-74.1686 -74.1686
 mcmc sim 47201  acceptance rate 0.32387 0.31
-79.0271 -79.0271
 mcmc sim 47401  acceptance rate 0.323854 0.32
-71.8924 -71.8924
 mcmc sim 47601  acceptance rate 0.323775 0.305
-72.5271 -72.5271
 mcmc sim 47801  acceptance rate 0.323884 0.35
-72.6921 -72.6921
 mcmc sim 48001  acceptance rate 0.323597 0.255
-76.6053 -76.6053
 mcmc sim 48201  acceptance rate 0.323396 0.275
-75.4223 -75.4223
 mcmc sim 48401  acceptance rate 0.323237 0.285
-65.555 -65.555
 mcmc sim 48601  acceptance rate 0.32308 0.285
-81.1918 -81.1918
 mcmc sim 48801  acceptance rate 0.322944 0.29
-77.6399 -77.6399
 mcmc sim 49001  acceptance rate 0.323055 0.35
-68.6081 -68.6081
 mcmc sim 49201  acceptance rate 0.323042 0.32
-84.5083 -84.5083
 mcmc sim 49401  acceptance rate 0.322908 0.29
-78.9633 -78.9633
 mcmc sim 49601  acceptance rate 0.322675 0.265
-77.2457 -77.2457
 mcmc sim 49801  acceptance rate 0.322664 0.32
-79.3268 -79.3268
 mcmc sim 50001  acceptance rate 0.322794 0.355
-79.0542 -79.0542
 mcmc sim 50201  acceptance rate 0.322842 0.335
-83.5384 -83.5384
 mcmc sim 50401  acceptance rate 0.32297 0.355
-84.5224 -84.5224
 mcmc sim 50601  acceptance rate 0.322978 0.325
-76.8579 -76.8579
 mcmc sim 50801  acceptance rate 0.323222 0.385
-77.6639 -77.6639
 mcmc sim 51001  acceptance rate 0.323209 0.32
-71.7887 -71.7887
 mcmc sim 51201  acceptance rate 0.323216 0.325
-76.9089 -76.9089
 mcmc sim 51401  acceptance rate 0.323321 0.35
-81.2691 -81.2691
 mcmc sim 51601  acceptance rate 0.323308 0.32
-85.9589 -85.9589
 mcmc sim 51801  acceptance rate 0.323256 0.31
-81.7169 -81.7169
 mcmc sim 52001  acceptance rate 0.32334 0.345
-72.993 -72.993
 mcmc sim 52201  acceptance rate 0.323174 0.28
-66.0364 -66.0364
 mcmc sim 52401  acceptance rate 0.323066 0.295
-74.3951 -74.3951
 mcmc sim 52601  acceptance rate 0.322922 0.285
-74.6235 -74.6235
 mcmc sim 52801  acceptance rate 0.323157 0.385
-75.997 -75.997
 mcmc sim 53001  acceptance rate 0.323296 0.36
-79.7654 -79.7654
 mcmc sim 53201  acceptance rate 0.323265 0.315
-68.4995 -68.4995
 mcmc sim 53401  acceptance rate 0.32314 0.29
-68.5973 -68.5973
 mcmc sim 53601  acceptance rate 0.322998 0.285
-73.9394 -73.9394
 mcmc sim 53801  acceptance rate 0.323135 0.36
-69.4613 -69.4613
 mcmc sim 54001  acceptance rate 0.323087 0.31
-78.0203 -78.0203
 mcmc sim 54201  acceptance rate 0.323223 0.36
-67.0745 -67.0745
 mcmc sim 54401  acceptance rate 0.32299 0.26
-79.8162 -79.8162
 mcmc sim 54601  acceptance rate 0.322998 0.325
-72.5323 -72.5323
 mcmc sim 54801  acceptance rate 0.322914 0.3
-69.4398 -69.4398
 mcmc sim 55001  acceptance rate 0.32263 0.245
-83.1533 -83.1533
 mcmc sim 55201  acceptance rate 0.322567 0.305
-76.9947 -76.9947
 mcmc sim 55401  acceptance rate 0.322467 0.295
-71.8446 -71.8446
 mcmc sim 55601  acceptance rate 0.322386 0.3
-80.4739 -80.4739
 mcmc sim 55801  acceptance rate 0.322378 0.32
-83.8528 -83.8528
 mcmc sim 56001  acceptance rate 0.322584 0.38
-79.3898 -79.3898
 mcmc sim 56201  acceptance rate 0.322557 0.315
-75.9779 -75.9779
 mcmc sim 56401  acceptance rate 0.322601 0.335
-83.3488 -83.3488
 mcmc sim 56601  acceptance rate 0.322715 0.355
-78.4995 -78.4995
 mcmc sim 56801  acceptance rate 0.322688 0.315
-68.6909 -68.6909
 mcmc sim 57001  acceptance rate 0.322749 0.34
-73.0042 -73.0042
 mcmc sim 57201  acceptance rate 0.322652 0.295
-63.0286 -63.0286
 mcmc sim 57401  acceptance rate 0.322364 0.24
-73.9376 -73.9376
 mcmc sim 57601  acceptance rate 0.322269 0.295
-72.4818 -72.4818
 mcmc sim 57801  acceptance rate 0.322278 0.325
-77.309 -77.309
 mcmc sim 58001  acceptance rate 0.32246 0.375
-68.6276 -68.6276
 mcmc sim 58201  acceptance rate 0.322434 0.315
-71.8681 -71.8681
 mcmc sim 58401  acceptance rate 0.322409 0.315
-87.1137 -87.1137
 mcmc sim 58601  acceptance rate 0.322401 0.32
-85.9917 -85.9917
 mcmc sim 58801  acceptance rate 0.322495 0.35
-85.8618 -85.8618
 mcmc sim 59001  acceptance rate 0.322384 0.29
-84.227 -84.227
 mcmc sim 59201  acceptance rate 0.322528 0.365
-69.3089 -69.3089
 mcmc sim 59401  acceptance rate 0.322537 0.325
-67.9907 -67.9907
 mcmc sim 59601  acceptance rate 0.322226 0.23
-67.8514 -67.8514
 mcmc sim 59801  acceptance rate 0.322068 0.275
-80.1693 -80.1693
 mcmc sim 60001  acceptance rate 0.321945 0.285
-75.4722 -75.4722
 mcmc sim 60201  acceptance rate 0.321855 0.295
-77.0585 -77.0585
 mcmc sim 60401  acceptance rate 0.321733 0.285
-79.9447 -79.9447
 mcmc sim 60601  acceptance rate 0.321727 0.32
-82.8739 -82.8739
 mcmc sim 60801  acceptance rate 0.321787 0.34
-81.4362 -81.4362
 mcmc sim 61001  acceptance rate 0.321913 0.36
-85.4527 -85.4527
 mcmc sim 61201  acceptance rate 0.322119 0.385
-88.6598 -88.6598
 mcmc sim 61401  acceptance rate 0.322259 0.365
-83.6209 -83.6209
 mcmc sim 61601  acceptance rate 0.322251 0.32
-73.8325 -73.8325
 mcmc sim 61801  acceptance rate 0.322584 0.425
-69.6188 -69.6188
 mcmc sim 62001  acceptance rate 0.322543 0.31
-81.9709 -81.9709
 mcmc sim 62201  acceptance rate 0.322342 0.26
-83.9384 -83.9384
 mcmc sim 62401  acceptance rate 0.322415 0.345
-77.6426 -77.6426
 mcmc sim 62601  acceptance rate 0.322359 0.305
-79.3857 -79.3857
 mcmc sim 62801  acceptance rate 0.322272 0.295
-73.0418 -73.0418
 mcmc sim 63001  acceptance rate 0.322233 0.31
-77.4643 -77.4643
 mcmc sim 63201  acceptance rate 0.3224 0.375
-80.9681 -80.9681
 mcmc sim 63401  acceptance rate 0.322661 0.405
-75.6221 -75.6221
 mcmc sim 63601  acceptance rate 0.322888 0.395
-81.2442 -81.2442
 mcmc sim 63801  acceptance rate 0.32302 0.365
-77.3204 -77.3204
 mcmc sim 64001  acceptance rate 0.322932 0.295
-83.8542 -83.8542
 mcmc sim 64201  acceptance rate 0.322861 0.3
-77.9915 -77.9915
 mcmc sim 64401  acceptance rate 0.322821 0.31
-79.1293 -79.1293
 mcmc sim 64601  acceptance rate 0.322843 0.33
-85.9052 -85.9052
 mcmc sim 64801  acceptance rate 0.322865 0.33
-65.0743 -65.0743
 mcmc sim 65001  acceptance rate 0.32278 0.295
-66.7247 -66.7247
 mcmc sim 65201  acceptance rate 0.322679 0.29
-78.5358 -78.5358
 mcmc sim 65401  acceptance rate 0.322701 0.33
-80.9783 -80.9783
 mcmc sim 65601  acceptance rate 0.32283 0.365
-77.8694 -77.8694
 mcmc sim 65801  acceptance rate 0.32308 0.405
-72.8208 -72.8208
 mcmc sim 66001  acceptance rate 0.323116 0.335
-80.848 -80.848
 mcmc sim 66201  acceptance rate 0.323077 0.31
-73.9664 -73.9664
 mcmc sim 66401  acceptance rate 0.322826 0.24
-70.9066 -70.9066
 mcmc sim 66601  acceptance rate 0.322563 0.235
-84.246 -84.246
 mcmc sim 66801  acceptance rate 0.322525 0.31
-78.5196 -78.5196
 mcmc sim 67001  acceptance rate 0.322458 0.3
-74.1077 -74.1077
 mcmc sim 67201  acceptance rate 0.322391 0.3
-76.3862 -76.3862
 mcmc sim 67401  acceptance rate 0.322176 0.25
-72.6111 -72.6111
 mcmc sim 67601  acceptance rate 0.322229 0.34
-79.8207 -79.8207
 mcmc sim 67801  acceptance rate 0.322237 0.325
-82.5935 -82.5935
 mcmc sim 68001  acceptance rate 0.322186 0.305
-76.2142 -76.2142
 mcmc sim 68201  acceptance rate 0.322327 0.37
-82.6891 -82.6891
 mcmc sim 68401  acceptance rate 0.322334 0.325
-78.3496 -78.3496
 mcmc sim 68601  acceptance rate 0.322473 0.37
-80.0405 -80.0405
 mcmc sim 68801  acceptance rate 0.322626 0.375
-81.4985 -81.4985
 mcmc sim 69001  acceptance rate 0.322647 0.33
-77.7284 -77.7284
 mcmc sim 69201  acceptance rate 0.322741 0.355
-72.0772 -72.0772
 mcmc sim 69401  acceptance rate 0.32269 0.305
-68.0189 -68.0189
 mcmc sim 69601  acceptance rate 0.322697 0.325
-75.1462 -75.1462
 mcmc sim 69801  acceptance rate 0.322846 0.375
-80.9997 -80.9997
 mcmc sim 70001  acceptance rate 0.322895 0.34
-76.1551 -76.1551
 mcmc sim 70201  acceptance rate 0.322787 0.285
-65.8534 -65.8534
 mcmc sim 70401  acceptance rate 0.322836 0.34
-70.6137 -70.6137
 mcmc sim 70601  acceptance rate 0.322857 0.33
-80.233 -80.233
 mcmc sim 70801  acceptance rate 0.322707 0.27
-71.1516 -71.1516
 mcmc sim 71001  acceptance rate 0.322686 0.315
-71.5015 -71.5015
 mcmc sim 71201  acceptance rate 0.322678 0.32
-71.3983 -71.3983
 mcmc sim 71401  acceptance rate 0.322488 0.255
-73.3291 -73.3291
 mcmc sim 71601  acceptance rate 0.322551 0.345
-78.2471 -78.2471
 mcmc sim 71801  acceptance rate 0.322558 0.325
-77.4238 -77.4238
 mcmc sim 72001  acceptance rate 0.322468 0.29
-79.3979 -79.3979
 mcmc sim 72201  acceptance rate 0.32235 0.28
-79.6373 -79.6373
 mcmc sim 72401  acceptance rate 0.322399 0.34
-83.2128 -83.2128
 mcmc sim 72601  acceptance rate 0.322447 0.34
-75.632 -75.632
 mcmc sim 72801  acceptance rate 0.322317 0.275
-75.9241 -75.9241
 mcmc sim 73001  acceptance rate 0.322365 0.34
-90.3554 -90.3554
 mcmc sim 73201  acceptance rate 0.322373 0.325
-74.9692 -74.9692
 mcmc sim 73401  acceptance rate 0.322203 0.26
-73.5002 -73.5002
 mcmc sim 73601  acceptance rate 0.322224 0.33
-79.1486 -79.1486
 mcmc sim 73801  acceptance rate 0.322177 0.305
-74.5864 -74.5864
 mcmc sim 74001  acceptance rate 0.322415 0.41
-76.0784 -76.0784
 mcmc sim 74201  acceptance rate 0.322516 0.36
-79.3711 -79.3711
 mcmc sim 74401  acceptance rate 0.322375 0.27
-75.1028 -75.1028
 mcmc sim 74601  acceptance rate 0.32269 0.44
-69.1653 -69.1653
 mcmc sim 74801  acceptance rate 0.322616 0.295
-77.6072 -77.6072
 mcmc sim 75001  acceptance rate 0.322409 0.245
-69.8155 -69.8155
 mcmc sim 75201  acceptance rate 0.322296 0.28
-69.8541 -69.8541
 mcmc sim 75401  acceptance rate 0.322118 0.255
-71.3777 -71.3777
 mcmc sim 75601  acceptance rate 0.321901 0.24
-77.598 -77.598
 mcmc sim 75801  acceptance rate 0.321816 0.29
-77.8042 -77.8042
 mcmc sim 76001  acceptance rate 0.321746 0.295
-72.6546 -72.6546
 mcmc sim 76201  acceptance rate 0.321781 0.335
-70.5016 -70.5016
 mcmc sim 76401  acceptance rate 0.321789 0.325
-77.5961 -77.5961
 mcmc sim 76601  acceptance rate 0.321667 0.275
-87.0073 -87.0073
 mcmc sim 76801  acceptance rate 0.321767 0.36
-75.5614 -75.5614
 mcmc sim 77001  acceptance rate 0.321788 0.33
-72.4789 -72.4789
 mcmc sim 77201  acceptance rate 0.321693 0.285
-73.7149 -73.7149
 mcmc sim 77401  acceptance rate 0.321895 0.4
-80.8937 -80.8937
 mcmc sim 77601  acceptance rate 0.321903 0.325
-91.3851 -91.3851
 mcmc sim 77801  acceptance rate 0.32195 0.34
-77.0781 -77.0781
 mcmc sim 78001  acceptance rate 0.321932 0.315
-79.5514 -79.5514
 mcmc sim 78201  acceptance rate 0.322004 0.35
-80.453 -80.453
 mcmc sim 78401  acceptance rate 0.321947 0.3
-75.7011 -75.7011
 mcmc sim 78601  acceptance rate 0.321828 0.275
-76.7086 -76.7086
 mcmc sim 78801  acceptance rate 0.32157 0.22
-80.1764 -80.1764
 mcmc sim 79001  acceptance rate 0.321477 0.285
-83.3953 -83.3953
 mcmc sim 79201  acceptance rate 0.321587 0.365
-75.715 -75.715
 mcmc sim 79401  acceptance rate 0.321495 0.285
-83.7384 -83.7384
 mcmc sim 79601  acceptance rate 0.321529 0.335
-85.1812 -85.1812
 mcmc sim 79801  acceptance rate 0.321675 0.38
-80.5738 -80.5738
 mcmc sim 80001  acceptance rate 0.321733 0.345
-69.6077 -69.6077
 mcmc sim 80201  acceptance rate 0.321642 0.285
-69.9024 -69.9024
 mcmc sim 80401  acceptance rate 0.321451 0.245
-68.576 -68.576
 mcmc sim 80601  acceptance rate 0.321398 0.3
-75.2286 -75.2286
 mcmc sim 80801  acceptance rate 0.32132 0.29
-76.9158 -76.9158
 mcmc sim 81001  acceptance rate 0.321379 0.345
-82.8146 -82.8146
 mcmc sim 81201  acceptance rate 0.321425 0.34
-78.9324 -78.9324
 mcmc sim 81401  acceptance rate 0.321347 0.29
-72.3817 -72.3817
 mcmc sim 81601  acceptance rate 0.321173 0.25
-74.7229 -74.7229
 mcmc sim 81801  acceptance rate 0.32106 0.275
-80.6619 -80.6619
 mcmc sim 82001  acceptance rate 0.32096 0.28
-80.4566 -80.4566
 mcmc sim 82201  acceptance rate 0.320957 0.32
-86.8175 -86.8175
 mcmc sim 82401  acceptance rate 0.320967 0.325
-79.22 -79.22
 mcmc sim 82601  acceptance rate 0.32094 0.31
-87.9954 -87.9954
 mcmc sim 82801  acceptance rate 0.321059 0.37
-75.6377 -75.6377
 mcmc sim 83001  acceptance rate 0.3209 0.255
-74.7209 -74.7209
 mcmc sim 83201  acceptance rate 0.32091 0.325
-81.0353 -81.0353
 mcmc sim 83401  acceptance rate 0.320883 0.31
-72.4544 -72.4544
 mcmc sim 83601  acceptance rate 0.320869 0.315
-84.3214 -84.3214
 mcmc sim 83801  acceptance rate 0.320939 0.35
-76.5151 -76.5151
 mcmc sim 84001  acceptance rate 0.320984 0.34
-83.4373 -83.4373
 mcmc sim 84201  acceptance rate 0.320946 0.305
-73.6266 -73.6266
 mcmc sim 84401  acceptance rate 0.321003 0.345
-73.0803 -73.0803
 mcmc sim 84601  acceptance rate 0.320918 0.285
-74.289 -74.289
 mcmc sim 84801  acceptance rate 0.320881 0.305
-67.7759 -67.7759
 mcmc sim 85001  acceptance rate 0.320855 0.31
-77.9703 -77.9703
 mcmc sim 85201  acceptance rate 0.32083 0.31
-77.4994 -77.4994
 mcmc sim 85401  acceptance rate 0.32098 0.385
-77.8005 -77.8005
 mcmc sim 85601  acceptance rate 0.320779 0.235
-70.1335 -70.1335
 mcmc sim 85801  acceptance rate 0.320579 0.235
-72.6609 -72.6609
 mcmc sim 86001  acceptance rate 0.320461 0.27
-87.6614 -87.6614
 mcmc sim 86201  acceptance rate 0.320634 0.395
-84.2351 -84.2351
 mcmc sim 86401  acceptance rate 0.320714 0.355
-84.746 -84.746
 mcmc sim 86601  acceptance rate 0.320678 0.305
-73.6915 -73.6915
 mcmc sim 86801  acceptance rate 0.320745 0.35
-70.3276 -70.3276
 mcmc sim 87001  acceptance rate 0.320697 0.3
-74.0552 -74.0552
 mcmc sim 87201  acceptance rate 0.320547 0.255
-76.0811 -76.0811
 mcmc sim 87401  acceptance rate 0.32042 0.265
-70.1584 -70.1584
 mcmc sim 87601  acceptance rate 0.320407 0.315
-72.4654 -72.4654
 mcmc sim 87801  acceptance rate 0.320497 0.36
-79.3515 -79.3515
 mcmc sim 88001  acceptance rate 0.320428 0.29
-69.902 -69.902
 mcmc sim 88201  acceptance rate 0.320371 0.295
-85.3921 -85.3921
 mcmc sim 88401  acceptance rate 0.320279 0.28
-79.9792 -79.9792
 mcmc sim 88601  acceptance rate 0.32038 0.365
-74.412 -74.412
 mcmc sim 88801  acceptance rate 0.320413 0.335
-66.7686 -66.7686
 mcmc sim 89001  acceptance rate 0.320356 0.295
-63.6897 -63.6897
 mcmc sim 89201  acceptance rate 0.320153 0.23
-65.6102 -65.6102
 mcmc sim 89401  acceptance rate 0.319918 0.215
-70.0143 -70.0143
 mcmc sim 89601  acceptance rate 0.319762 0.25
-69.5325 -69.5325
 mcmc sim 89801  acceptance rate 0.319696 0.29
-82.4959 -82.4959
 mcmc sim 90001  acceptance rate 0.319585 0.27
-82.4081 -82.4081
 mcmc sim 90201  acceptance rate 0.319686 0.365
-76.2324 -76.2324
 mcmc sim 90401  acceptance rate 0.319665 0.31
-80.0876 -80.0876
 mcmc sim 90601  acceptance rate 0.319566 0.275
-82.5685 -82.5685
 mcmc sim 90801  acceptance rate 0.319468 0.275
-79.8914 -79.8914
 mcmc sim 91001  acceptance rate 0.319579 0.37
-75.6511 -75.6511
 mcmc sim 91201  acceptance rate 0.319711 0.38
-83.3068 -83.3068
 mcmc sim 91401  acceptance rate 0.31969 0.31
-73.7624 -73.7624
 mcmc sim 91601  acceptance rate 0.319538 0.25
-69.327 -69.327
 mcmc sim 91801  acceptance rate 0.319397 0.255
-76.6349 -76.6349
 mcmc sim 92001  acceptance rate 0.319388 0.315
-67.4248 -67.4248
 mcmc sim 92201  acceptance rate 0.319346 0.3
-74.5144 -74.5144
 mcmc sim 92401  acceptance rate 0.319358 0.325
-68.1164 -68.1164
 mcmc sim 92601  acceptance rate 0.319359 0.32
-71.098 -71.098
 mcmc sim 92801  acceptance rate 0.319436 0.355
-79.0511 -79.0511
 mcmc sim 93001  acceptance rate 0.319394 0.3
-68.9078 -68.9078
 mcmc sim 93201  acceptance rate 0.319342 0.295
-71.4573 -71.4573
 mcmc sim 93401  acceptance rate 0.319333 0.315
-70.2861 -70.2861
 mcmc sim 93601  acceptance rate 0.319313 0.31
-72.363 -72.363
 mcmc sim 93801  acceptance rate 0.31925 0.29
-75.6823 -75.6823
 mcmc sim 94001  acceptance rate 0.319294 0.34
-79.8458 -79.8458
 mcmc sim 94201  acceptance rate 0.319232 0.29
-75.4801 -75.4801
 mcmc sim 94401  acceptance rate 0.319297 0.35
-74.4062 -74.4062
 mcmc sim 94601  acceptance rate 0.31931 0.325
-85.2843 -85.2843
 mcmc sim 94801  acceptance rate 0.319279 0.305
-81.5088 -81.5088
 mcmc sim 95001  acceptance rate 0.319333 0.345
-73.2403 -73.2403
 mcmc sim 95201  acceptance rate 0.319387 0.345
-73.5522 -73.5522
 mcmc sim 95401  acceptance rate 0.319462 0.355
-81.1416 -81.1416
 mcmc sim 95601  acceptance rate 0.319495 0.335
-85.809 -85.809
 mcmc sim 95801  acceptance rate 0.319569 0.355
-76.0804 -76.0804
 mcmc sim 96001  acceptance rate 0.319643 0.355
-72.4907 -72.4907
 mcmc sim 96201  acceptance rate 0.319716 0.355
-80.8657 -80.8657
 mcmc sim 96401  acceptance rate 0.319748 0.335
-78.5538 -78.5538
 mcmc sim 96601  acceptance rate 0.319738 0.315
-75.3762 -75.3762
 mcmc sim 96801  acceptance rate 0.319707 0.305
-79.0885 -79.0885
 mcmc sim 97001  acceptance rate 0.319698 0.315
-75.2838 -75.2838
 mcmc sim 97201  acceptance rate 0.319791 0.365
-82.2013 -82.2013
 mcmc sim 97401  acceptance rate 0.319935 0.39
-75.2132 -75.2132
 mcmc sim 97601  acceptance rate 0.319976 0.34
-82.3781 -82.3781
 mcmc sim 97801  acceptance rate 0.320007 0.335
-71.3156 -71.3156
 mcmc sim 98001  acceptance rate 0.320058 0.345
-77.0555 -77.0555
 mcmc sim 98201  acceptance rate 0.320027 0.305
-85.114 -85.114
 mcmc sim 98401  acceptance rate 0.320149 0.38
-87.0411 -87.0411
 mcmc sim 98601  acceptance rate 0.320159 0.325
-73.6833 -73.6833
 mcmc sim 98801  acceptance rate 0.320138 0.31
-70.769 -70.769
 mcmc sim 99001  acceptance rate 0.320128 0.315
-87.7299 -87.7299
 mcmc sim 99201  acceptance rate 0.320178 0.345
-82.8882 -82.8882
 mcmc sim 99401  acceptance rate 0.320248 0.355
-77.1086 -77.1086
 mcmc sim 99601  acceptance rate 0.320178 0.285
-78.614 -78.614
 mcmc sim 99801  acceptance rate 0.320207 0.335
0.32034
In write empirical covariance matrix
 3.25097e-05 5.90902e-05 0.000396823 0.00052182 0.00104719 0.00112129 0.0015482 0.0017449 0.00209917 0.0027829 0.00367281 0.00411321 0.00456011 0.00533051 0.00576343 0.00622072 0.00787043 0.00825279 0.00921558 0.0099123 0.0104219 0.0108334 0.0118453 0.0121592 0.0122971 0.0137651 0.0150618 0.0159561 0.0166249 0.0191933 0.0203978 0.0221587 0.025343 0.0283024 0.0366503 0.0813297 0.0919456 0.107158 0.136897 0.186575 0.192602 0.195856 0.221721 0.253101 0.295945 0.495265 0.587306 0.978333 2.11853 5.73676 12.385 22.7591
