
Initial statistics: 20 variables; iteration 0; function evaluation 0; phase 1
Function value   2.2935941e+03; maximum gradient component mag  -2.3243e+03
Var   Value    Gradient   |Var   Value    Gradient   |Var   Value    Gradient
  1  0.00000 -2.32433e+03 |  2  0.00000 -2.01226e+02 |  3  0.00000  8.25173e+02
  4  0.00000 -1.76340e+03 |  5  0.00000 -7.57481e+02 |  6  0.00000 -4.61340e+01
  7  0.00000 -4.92423e+01 |  8  0.00000 -4.66539e+01 |  9  0.00000 -4.57588e+01
 10  0.00000 -4.62070e+01 | 11  0.00000 -4.75477e+01 | 12  0.00000 -4.45165e+01
 13  0.00000 -4.27051e+01 | 14  0.00000 -4.42107e+01 | 15  0.00000 -4.27811e+01
 16  0.00000 -4.41625e+01 | 17  0.00000 -4.08681e+01 | 18  0.00000 -2.94323e+01
 19  0.00000 -2.32886e+01 | 20  0.00000 -1.28958e+01 |
Maximum number of function evaluations exceeded
 - final statistics:
20 variables; iteration 4; function evaluation 10
Function value   2.0105e+03; maximum gradient component mag  -2.2632e+03
Exit code = 3;  converg criter   1.0000e-01
Var   Value    Gradient   |Var   Value    Gradient   |Var   Value    Gradient
  1  0.04783 -2.26322e+03 |  2  0.00869 -1.41105e+02 |  3  0.16515  1.23780e+03
  4  0.12169 -1.24465e+03 |  5  0.22011 -6.59166e+02 |  6  0.01238 -3.92497e+01
  7  0.01399 -4.18615e+01 |  8  0.01323 -3.96566e+01 |  9  0.01304 -3.78317e+01
 10  0.01329 -3.77883e+01 | 11  0.01410 -3.87734e+01 | 12  0.01273 -3.62880e+01
 13  0.01217 -3.49658e+01 | 14  0.01273 -3.58252e+01 | 15  0.01198 -3.51038e+01
 16  0.01246 -3.61229e+01 | 17  0.01022 -3.40631e+01 | 18  0.00556 -2.51298e+01
 19  0.00408 -2.09589e+01 | 20  0.00197 -1.23567e+01 |

Initial statistics: 22 variables; iteration 0; function evaluation 0; phase 2
Function value   2.0104735e+03; maximum gradient component mag  -2.2496e+03
Var   Value    Gradient   |Var   Value    Gradient   |Var   Value    Gradient
  1  0.00000 -2.63858e+02 |  2  0.00000 -1.99718e+02 |  3  0.04783 -2.24957e+03
  4  0.00869 -1.44066e+02 |  5  0.16515  1.23754e+03 |  6  0.12169 -1.24326e+03
  7  0.22011 -6.68523e+02 |  8  0.01238 -3.97324e+01 |  9  0.01399 -4.24455e+01
 10  0.01323 -4.01515e+01 | 11  0.01304 -3.82435e+01 | 12  0.01329 -3.81674e+01
 13  0.01410 -3.91653e+01 | 14  0.01273 -3.65872e+01 | 15  0.01217 -3.52021e+01
 16  0.01273 -3.61021e+01 | 17  0.01198 -3.53607e+01 | 18  0.01246 -3.64366e+01
 19  0.01022 -3.43905e+01 | 20  0.00556 -2.53370e+01 | 21  0.00408 -2.11944e+01
 22  0.00197 -1.24472e+01 |
Maximum number of function evaluations exceeded
 - final statistics:
22 variables; iteration 5; function evaluation 20
Function value   1.3376e+03; maximum gradient component mag   1.7897e+03
Exit code = 3;  converg criter   1.0000e-02
Var   Value    Gradient   |Var   Value    Gradient   |Var   Value    Gradient
  1  1.00479  2.05280e+01 |  2  0.68719  8.56521e+01 |  3  0.64742 -1.63987e+03
  4 -0.22276  1.17409e+02 |  5  1.53825  1.78970e+03 |  6 -0.76442 -5.78495e+02
  7  3.23711 -6.63955e+02 |  8  0.15416  2.84234e+00 |  9  0.18789 -1.60748e+01
 10  0.17179 -6.57530e+00 | 11  0.14839  1.85530e+01 | 12  0.14656  2.39931e+01
 13  0.16039  1.83538e+01 | 14  0.13825  2.51655e+01 | 15  0.13231  2.64799e+01
 16  0.13457  3.14860e+01 | 17  0.12804  2.66213e+01 | 18  0.13406  2.69146e+01
 19  0.10864  2.09140e+01 | 20  0.02810  4.42588e+01 | 21  0.02011  2.64977e+01
 22  0.00698  1.68751e+01 |

Initial statistics: 49 variables; iteration 0; function evaluation 0; phase 3
Function value   1.3375548e+03; maximum gradient component mag   1.7053e+03
Var   Value    Gradient   |Var   Value    Gradient   |Var   Value    Gradient
  1  0.00000 -6.59519e+02 |  2  0.00000 -2.00869e+02 |  3  0.00000 -1.29591e+02
  4  0.00000  1.54449e+02 |  5  0.00000 -1.54419e+02 |  6  0.00000  5.74219e+00
  7  0.00000  2.00774e+02 |  8  0.00000  2.83356e+00 |  9  0.00000  1.81174e+02
 10  0.00000  6.03780e+01 | 11  0.00000  1.89795e+02 | 12  0.00000  3.67701e+01
 13  0.00000 -6.45819e+01 | 14  0.00000  5.91293e+01 | 15  0.00000  8.56987e+01
 16  0.00000  7.42058e+01 | 17  0.00000  7.89161e+01 | 18  0.00000 -2.82119e+00
 19  0.00000  5.98072e+01 | 20  0.00000  7.11254e+01 | 21  0.00000 -4.56293e+01
 22  0.00000  6.36474e+01 | 23  0.00000  4.49935e+01 | 24  0.00000  6.14146e+01
 25  0.00000  4.51690e+01 | 26  0.00000 -7.12479e+01 | 27  0.00000  2.78399e+01
 28  1.00479  2.75631e+01 | 29  0.68719  9.73788e+01 | 30  0.64742 -1.55296e+03
 31 -0.22276  1.11570e+02 | 32  1.53825  1.70528e+03 | 33 -0.76442 -6.20689e+02
 34  3.23711 -6.57111e+02 | 35  0.15416  3.31895e+00 | 36  0.18789 -1.81000e+01
 37  0.17179 -7.69581e+00 | 38  0.14839  2.16309e+01 | 39  0.14656  2.81210e+01
 40  0.16039  2.18375e+01 | 41  0.13825  2.91123e+01 | 42  0.13231  2.99784e+01
 43  0.13457  3.63059e+01 | 44  0.12804  3.03003e+01 | 45  0.13406  3.11487e+01
 46  0.10864  2.36405e+01 | 47  0.02810  5.04493e+01 | 48  0.02011  3.04796e+01
 49  0.00698  1.85268e+01 |

Intermediate statistics: 49 variables; iteration 10; function evaluation 16; phase 3
Function value   6.6450750e+02; maximum gradient component mag  -4.2228e+02
Var   Value    Gradient   |Var   Value    Gradient   |Var   Value    Gradient
  1 -0.23797  2.30365e+02 |  2 -1.24946 -2.10002e+02 |  3  0.32137 -8.73131e+00
  4  0.60921  1.61878e+02 |  5 -0.22272  6.24464e+01 |  6  0.22873 -6.56544e+00
  7  0.15165 -8.39428e+01 |  8  0.46588 -3.03054e+00 |  9  0.42147 -8.78543e+01
 10  0.50690 -2.98495e+01 | 11  0.17726 -8.86398e+01 | 12 -0.32632 -2.38487e+01
 13 -0.15589 -2.37111e+01 | 14 -0.11835 -1.90910e+01 | 15  0.39504  2.07963e+01
 16  0.03599 -1.78000e+01 | 17  0.26491  1.99462e+01 | 18  0.61546  2.55095e+01
 19  0.22304  2.92528e+01 | 20 -0.05813 -1.90567e+02 | 21  0.36464  1.96948e+02
 22 -0.22880 -1.80887e+02 | 23 -0.57266 -2.08778e+02 | 24 -0.15723 -1.87019e+02
 25 -0.47369 -2.14464e+02 | 26 -0.07409  1.78190e+02 | 27 -0.46570 -1.62005e+02
 28  1.75956 -1.68875e+01 | 29  0.67411 -1.34009e+01 | 30  0.82935 -4.22281e+02
 31 -1.51536 -3.18149e+01 | 32  0.07822  2.13476e+02 | 33  1.12074 -6.87152e+01
 34  0.44917 -9.79673e+01 | 35  0.69845 -5.31703e+00 | 36  0.56805 -5.98935e+00
 37  0.31631 -5.37584e+00 | 38  0.77075 -3.95241e+00 | 39  0.84984 -3.72581e+00
 40  0.80790 -4.06730e+00 | 41  0.65001 -3.93600e+00 | 42  0.36134 -4.29082e+00
 43  0.70674 -4.02148e+00 | 44  0.44006 -4.48167e+00 | 45  0.66367 -4.46011e+00
 46  0.42007 -4.48396e+00 | 47  0.64762 -2.91096e+00 | 48  0.60888 -2.76151e+00
 49  0.34861 -5.17707e-01 |
49 variables; iteration 20; function evaluation 28; phase 3
Function value   4.0211939e+02; maximum gradient component mag  -2.1137e+02
Var   Value    Gradient   |Var   Value    Gradient   |Var   Value    Gradient
  1 -1.43149  5.02358e+01 |  2  0.09595  3.39432e+01 |  3  3.36408 -5.22614e-02
  4  0.35424 -2.91741e+01 |  5  0.12177 -4.10508e+01 |  6 -0.49052  7.40714e+00
  7 -0.13388  3.84631e+01 |  8  0.13798  1.10240e+01 |  9  0.46394  4.11849e+01
 10  0.34286  2.37166e+01 | 11 -0.01887  4.47073e+01 | 12 -0.49274 -5.75756e+00
 13  0.13899 -5.96356e+00 | 14  0.51642  6.38647e+00 | 15  1.10832  7.69305e+00
 16  0.56753  6.01893e+00 | 17  0.41896  6.69580e+00 | 18  2.27967  1.66733e+01
 19 -1.00486  8.50971e+00 | 20 -0.11913  9.91599e+00 | 21  0.68841 -1.28667e+01
 22 -0.70316  6.47951e+00 | 23 -1.01443  1.19499e+01 | 24  0.33570  6.00134e+00
 25  0.10083  1.12537e+01 | 26  0.75689 -1.26538e+01 | 27  0.65729  1.04588e+01
 28  8.78861 -5.84135e+01 | 29 -8.48232 -4.51195e+01 | 30  0.53251 -2.11373e+02
 31  1.68032  2.64187e+01 | 32 -0.39301  2.05457e+02 | 33 -0.24450 -3.02775e+01
 34  0.99201 -1.25234e+02 | 35 -0.78588 -9.75264e+00 | 36 -0.50255 -1.09732e+01
 37 -0.60769 -8.71251e+00 | 38  0.02289 -2.43423e+00 | 39  0.38624 -1.39713e+00
 40  0.60759 -2.88243e+00 | 41  0.43585 -2.14504e+00 | 42  0.05543 -3.00844e+00
 43  0.50421 -1.20754e+00 | 44 -0.00236 -4.16584e+00 | 45  0.37292 -3.51657e+00
 46  0.29187 -4.65603e+00 | 47  0.33124  1.02997e+00 | 48  0.58565  1.48245e+00
 49  0.20639  1.31672e+00 |
Maximum number of function evaluations exceeded
 - final statistics:
49 variables; iteration 23; function evaluation 30
Function value   3.7858e+02; maximum gradient component mag   1.6613e+02
Exit code = 3;  converg criter   1.0000e-03
Var   Value    Gradient   |Var   Value    Gradient   |Var   Value    Gradient
  1 -1.69071  1.68880e+01 |  2 -0.66302  6.38529e+01 |  3  4.30683  1.03601e+01
  4 -0.60488 -7.28917e+01 |  5 -0.45668 -4.40781e+01 |  6 -0.66501  4.19539e+00
  7  0.61354  3.45448e+01 |  8 -0.00158  6.98016e+00 |  9 -0.54666  2.83218e+01
 10  0.03923  1.77711e+01 | 11 -0.40373  3.97811e+01 | 12 -0.49693 -9.24549e+00
 13 -0.57178 -9.01273e+00 | 14  0.66188  4.03026e+00 | 15  0.79530  7.61815e+00
 16  0.89114  3.82190e+00 | 17  0.38030  4.65284e+00 | 18  2.82779  2.08474e+01
 19 -1.35692  1.03344e+01 | 20 -0.33782  3.24933e+00 | 21  0.95396 -7.69944e+00
 22 -0.84695  1.71018e+00 | 23 -1.15709  4.95661e+00 | 24  1.13733  6.97592e-01
 25  0.66990  4.04255e+00 | 26  1.46460 -4.88468e+00 | 27  0.66541  5.56148e+00
 28  9.25407 -2.98663e+01 | 29 -8.75426 -2.18819e+01 | 30  0.61874 -1.60887e+02
 31  1.89278  2.58290e+01 | 32 -0.44264  1.66130e+02 | 33 -0.14929 -1.89211e+00
 34  0.84525 -9.06684e+01 | 35  0.08154  1.19939e+00 | 36 -0.01083 -1.41930e+00
 37 -0.63806 -3.03674e+00 | 38  0.07087  1.69310e+00 | 39  0.38791  2.08146e+00
 40  0.72521  1.56239e+00 | 41  0.44331  1.20430e+00 | 42 -0.24194 -8.72225e-01
 43  0.47914  2.34717e+00 | 44  0.27490  7.59409e-01 | 45  1.00361  1.68683e+00
 46  0.83541 -1.47822e-01 | 47  0.44335  3.47867e+00 | 48  0.28747  3.50368e+00
 49 -0.39977  2.79327e+00 |

Initial statistics: 52 variables; iteration 0; function evaluation 0; phase 4
Function value   3.7857848e+02; maximum gradient component mag   1.6613e+02
Var   Value    Gradient   |Var   Value    Gradient   |Var   Value    Gradient
  1 -1.69071  1.68880e+01 |  2 -0.66302  6.38529e+01 |  3  4.30683  1.03601e+01
  4 -0.60488 -7.28917e+01 |  5 -0.45668 -4.40781e+01 |  6 -0.66501  4.19539e+00
  7  0.61354  3.45448e+01 |  8 -0.00158  6.98016e+00 |  9 -0.54666  2.83218e+01
 10  0.03923  1.77711e+01 | 11 -0.40373  3.97811e+01 | 12 -0.49693 -9.24549e+00
 13 -0.57178 -9.01273e+00 | 14  0.66188  4.03026e+00 | 15  0.79530  7.61815e+00
 16  0.89114  3.82190e+00 | 17  0.38030  4.65284e+00 | 18  2.82779  2.08474e+01
 19 -1.35692  1.03344e+01 | 20 -0.33782  3.24933e+00 | 21  0.95396 -7.69944e+00
 22 -0.84695  1.71018e+00 | 23 -1.15709  4.95661e+00 | 24  1.13733  6.97592e-01
 25  0.66990  4.04255e+00 | 26  1.46460 -4.88468e+00 | 27  0.66541  5.56148e+00
 28  9.25407 -2.98663e+01 | 29 -8.75426 -2.18819e+01 | 30  0.61874 -1.60887e+02
 31  1.89278  2.58290e+01 | 32 -0.44264  1.66130e+02 | 33 -0.14929 -1.89211e+00
 34  0.00000 -1.63303e+01 | 35  0.00000  7.60084e+00 | 36  0.00000 -2.84302e+01
 37  0.84525 -9.06684e+01 | 38  0.08154  1.19939e+00 | 39 -0.01083 -1.41930e+00
 40 -0.63806 -3.03674e+00 | 41  0.07087  1.69310e+00 | 42  0.38791  2.08146e+00
 43  0.72521  1.56239e+00 | 44  0.44331  1.20430e+00 | 45 -0.24194 -8.72225e-01
 46  0.47914  2.34717e+00 | 47  0.27490  7.59409e-01 | 48  1.00361  1.68683e+00
 49  0.83541 -1.47822e-01 | 50  0.44335  3.47867e+00 | 51  0.28747  3.50368e+00
 52 -0.39977  2.79327e+00 |

Intermediate statistics: 52 variables; iteration 10; function evaluation 14; phase 4
Function value   3.0229407e+02; maximum gradient component mag  -1.2758e+02
Var   Value    Gradient   |Var   Value    Gradient   |Var   Value    Gradient
  1 -1.44652 -2.72560e+01 |  2 -0.86926 -5.53319e+01 |  3  4.15132 -1.97425e+01
  4 -0.38722  6.43659e+01 |  5 -0.12831 -4.79059e+01 |  6 -0.32469 -3.85259e+01
  7  0.79221  2.98368e+01 |  8  0.02676 -2.34140e+01 |  9 -0.32785  3.14534e+01
 10  0.21248 -2.56558e+01 | 11 -0.43800  4.02893e+01 | 12 -0.62127  9.32076e+00
 13 -0.69167 -2.24391e+01 | 14  0.51242  5.68151e+00 | 15  0.78786  1.86938e+01
 16  0.78497  9.10714e+00 | 17  0.43681  1.69923e+01 | 18  2.92178 -1.09909e+01
 19 -1.25514  1.78463e+01 | 20 -0.26606 -8.68442e+00 | 21  0.94945  3.48986e+01
 22 -0.65892 -2.17968e+01 | 23 -1.16590 -3.26429e+01 | 24  1.22120 -1.54829e+01
 25  0.66581 -3.15029e+01 | 26  1.39507  6.30053e-01 | 27  0.52800 -2.97112e+01
 28  8.69076  4.88192e+01 | 29 -9.08058  2.26001e+01 | 30  0.14190 -1.27576e+02
 31  1.65754  1.51644e+01 | 32 -0.72310  4.56935e+01 | 33 -0.76111 -7.20774e+01
 34 -0.02534  1.77524e+01 | 35 -0.26102 -4.12825e+00 | 36 -0.23828  5.36922e+01
 37  2.60164  3.34043e+01 | 38 -0.06704  2.21910e+00 | 39  0.07830 -2.48555e-01
 40 -0.42641 -1.19675e+00 | 41 -0.18443  3.79345e+00 | 42  0.10210  3.86578e+00
 43  0.49581  2.60238e+00 | 44  0.23223  1.51360e+00 | 45 -0.26651 -1.10545e+00
 46  0.12997  3.12188e+00 | 47  0.05484  2.22850e-01 | 48  0.63488  8.12589e-01
 49  0.60843 -2.96734e+00 | 50  0.02886 -1.63605e+00 | 51 -0.00351 -1.76324e+00
 52 -0.53793 -3.34761e+00 |
52 variables; iteration 20; function evaluation 25; phase 4
Function value   2.0955538e+02; maximum gradient component mag   1.9911e+02
Var   Value    Gradient   |Var   Value    Gradient   |Var   Value    Gradient
  1 -0.95084  1.99111e+02 |  2 -0.89859 -3.64587e+01 |  3  4.60074  1.82656e+01
  4 -0.70832  1.78884e+01 |  5  0.05914  1.59215e+02 |  6 -0.58958  3.03181e+01
  7  0.11089 -1.18340e+02 |  8  0.48043  3.97651e+01 |  9  0.04516 -1.27207e+02
 10  0.29647  1.13412e+00 | 11 -0.13496 -1.54353e+02 | 12 -0.07194 -1.86046e+01
 13 -0.72416  2.85060e+01 | 14  0.89306 -9.05220e+00 | 15  0.49487 -1.62197e+01
 16  0.41240 -6.43044e+00 | 17 -0.04743 -1.86982e+01 | 18  1.93819  2.74504e+01
 19 -1.46256 -1.81204e+01 | 20 -0.20874 -4.53508e+01 | 21  0.62719  4.29606e+01
 22  0.01209 -2.56358e+01 | 23 -1.41263 -4.56154e+01 | 24  1.00210 -2.40057e+01
 25  0.99422 -3.95606e+01 | 26  1.36696  6.19542e+01 | 27  0.26647 -3.09406e+01
 28  4.38396 -4.92758e+01 | 29 -5.67368 -5.32262e+01 | 30 -0.17205 -4.11528e+01
 31 -1.04916 -9.00749e+00 | 32 -0.55298  2.28369e+01 | 33 -0.68830 -2.16539e+01
 34  0.48331 -2.67591e+01 | 35 -1.36901 -6.78268e-01 | 36 -1.06688  3.20587e+01
 37  4.48300 -5.43726e+01 | 38  0.25858 -1.31370e+00 | 39  0.55797 -3.77665e+00
 40  0.15956 -7.33196e+00 | 41  0.02065 -1.18850e+01 | 42 -0.00851 -1.35619e+01
 43  0.15683 -1.22328e+01 | 44  0.02430 -6.40771e+00 | 45 -0.10027 -1.28286e+00
 46  0.28086 -8.22596e-01 | 47  0.17811  1.01927e+00 | 48  0.39341  7.33263e-01
 49  0.13241  2.85384e+00 | 50 -0.72474 -1.65140e+00 | 51 -0.39291 -1.00902e+00
 52 -0.22389  6.79840e-01 |
52 variables; iteration 30; function evaluation 37; phase 4
Function value   1.5178911e+02; maximum gradient component mag   2.3290e+02
Var   Value    Gradient   |Var   Value    Gradient   |Var   Value    Gradient
  1 -0.98424  2.32897e+02 |  2 -0.61969  4.09533e+01 |  3  5.46028  3.47819e+01
  4 -0.86773 -4.73987e+01 |  5  0.66969  1.13381e+02 |  6 -0.53821  3.02971e+01
  7 -0.37881 -1.06583e+02 |  8 -0.09737  3.79180e+01 |  9 -0.44444 -1.04868e+02
 10  0.51625  8.94699e+00 | 11  1.21825 -1.16017e+02 | 12  0.02446 -2.24386e+01
 13 -0.93793  1.84791e+01 | 14  1.31640 -5.41463e+00 | 15  0.15874 -1.39018e+01
 16  0.70159 -1.04383e+01 | 17 -0.38414 -1.57515e+01 | 18  1.86221  3.50459e+01
 19 -1.46009 -1.05900e+01 | 20 -0.49416 -2.58185e+01 | 21  1.26763  1.92097e+01
 22 -0.89593 -1.50942e+01 | 23 -0.94385 -1.46868e+01 | 24  1.86126 -1.06790e+01
 25  1.53079 -1.20396e+01 | 26  1.41125  3.50466e+01 | 27  0.26478 -9.16057e+00
 28  1.57643 -5.46191e+01 | 29 -2.68051 -4.74025e+01 | 30 -0.10032  4.27111e+01
 31 -2.43780 -4.43721e+00 | 32 -0.41867  3.89505e-01 | 33 -0.86711 -4.82315e+00
 34  1.15379  2.02157e+00 | 35 -2.33413 -1.62655e+00 | 36 -1.43043  3.54563e+00
 37  5.44456 -6.53516e+01 | 38  0.23497 -1.26750e+01 | 39  0.41941 -1.20272e+01
 40 -0.01129 -8.61037e+00 | 41  0.00748 -9.84593e+00 | 42  0.16504 -9.04613e+00
 43  0.40101 -9.97069e+00 | 44  0.22785 -1.07141e+01 | 45 -0.03361 -9.53388e+00
 46  0.21624 -8.94910e+00 | 47  0.01650 -8.41823e+00 | 48  0.00765 -7.24950e+00
 49 -0.36962 -4.41990e+00 | 50 -0.76472  3.66270e-01 | 51 -0.46424 -3.13449e+00
 52 -0.11790 -5.00088e-01 |
52 variables; iteration 40; function evaluation 48; phase 4
Function value   1.2882404e+02; maximum gradient component mag   4.1517e+01
Var   Value    Gradient   |Var   Value    Gradient   |Var   Value    Gradient
  1 -0.88095  4.15165e+01 |  2 -1.12161 -2.52544e+01 |  3  5.02976  8.46387e+00
  4 -1.76224  1.67441e+01 |  5  0.60123  1.80257e+00 |  6 -1.24691 -1.40554e+01
  7 -0.39762  2.38257e+00 |  8 -0.61278 -2.45416e-01 |  9 -0.43688  9.19146e-01
 10  1.63530 -8.82031e+00 | 11  0.88419  3.23996e-01 | 12  0.18425 -1.23437e+00
 13 -1.00484 -2.51219e-01 | 14  0.75727  5.08109e-03 | 15 -0.32724 -6.97731e-01
 16  0.79738  4.20401e-01 | 17 -0.40437 -5.23904e-01 | 18  0.69721  2.48181e+00
 19 -1.20820  1.89438e-01 | 20  0.05976 -1.02535e+01 | 21  1.73158 -7.81514e-01
 22 -0.96358 -2.53279e+00 | 23 -1.21571 -3.43667e-01 | 24  1.70255 -1.75571e+00
 25  1.59991  1.43408e+00 | 26  1.60395  1.65874e+01 | 27  0.93984  3.68593e+00
 28  1.26762 -5.05157e+00 | 29 -2.36308 -8.03116e+00 | 30 -0.25837  4.10483e+01
 31 -2.72766 -5.07768e+00 | 32 -0.38827 -1.34509e+01 | 33 -0.95468 -1.58555e+00
 34  1.15468  3.61577e+00 | 35 -2.18670  1.57863e+00 | 36 -1.38144  4.81473e+00
 37  5.73424 -3.07043e+00 | 38  0.46018  3.72092e+00 | 39  0.61162 -5.81296e+00
 40  0.34684  2.19991e+00 | 41  0.19693 -6.86498e+00 | 42  0.46113  5.64516e+00
 43  0.42717 -1.43794e+00 | 44  0.07198 -2.77659e+00 | 45 -0.13396  1.80757e+00
 46  0.13404 -1.15610e+00 | 47  0.02569 -2.81260e+00 | 48  0.16479  1.66719e+00
 49 -0.36795 -4.39197e+00 | 50 -0.92920 -1.53784e+00 | 51 -0.73971 -5.17668e+00
 52 -0.21339  3.21305e+00 |
52 variables; iteration 50; function evaluation 58; phase 4
Function value   1.0313827e+02; maximum gradient component mag   1.2853e+02
Var   Value    Gradient   |Var   Value    Gradient   |Var   Value    Gradient
  1 -0.68443  1.28528e+02 |  2 -1.05335  6.22061e+01 |  3  4.34185  2.84942e+01
  4 -1.78368 -6.05531e+01 |  5  0.44005  6.41119e+01 |  6 -1.77829  4.36062e+01
  7 -0.41625 -7.78176e+01 |  8 -1.26762  1.31676e+01 |  9 -0.31670 -5.96437e+01
 10  2.74577  1.73880e+01 | 11  0.34931 -7.23741e+01 | 12  0.09811 -1.34762e+01
 13  0.29804  1.26135e+01 | 14  0.96766 -6.33996e+00 | 15  0.81973 -1.13821e+01
 16 -0.97666 -1.15385e+01 | 17 -0.62503 -1.31073e+01 | 18 -0.74256  1.69566e+01
 19 -0.44496 -1.00060e+01 | 20  1.30629 -2.57413e+00 | 21  2.41900 -4.21630e+00
 22 -0.96579  2.95843e+00 | 23 -0.81820  4.13889e+00 | 24  0.93420 -2.56681e-01
 25  0.91895  3.31110e+00 | 26  1.81599  6.63049e+00 | 27  1.82201  4.93035e+00
 28  0.70312 -2.17692e+00 | 29 -1.68855 -7.00476e+00 | 30 -0.64686  1.54692e+01
 31 -2.42000 -5.70309e+00 | 32 -0.27231 -2.69907e+01 | 33 -0.94984  1.55060e+00
 34  0.92649 -1.30948e+01 | 35 -1.78454  3.08020e+00 | 36 -1.60282  8.35073e+00
 37  5.99713 -1.30690e+01 | 38  0.47891 -8.73396e+00 | 39  1.07317  2.35008e+00
 40  0.55509  1.13485e-01 | 41  0.37095  4.23912e+00 | 42  0.11968 -1.03980e+01
 43  0.58963  9.18147e+00 | 44  0.38707 -1.32727e+00 | 45  0.01312 -8.75357e+00
 46 -0.04386 -3.39909e+00 | 47 -0.45004 -1.60367e+00 | 48 -0.37068 -1.55605e-01
 49 -0.43338  5.82077e+00 | 50 -0.88871 -2.05473e+00 | 51 -0.50632  6.73256e-01
 52 -0.24698  4.09484e+00 |
52 variables; iteration 60; function evaluation 68; phase 4
Function value   6.3745706e+01; maximum gradient component mag   1.6534e+02
Var   Value    Gradient   |Var   Value    Gradient   |Var   Value    Gradient
  1 -0.49211  1.65340e+02 |  2 -0.64361  1.13790e+02 |  3  3.59271  3.12481e+01
  4 -1.33341 -9.68400e+01 |  5  0.14708 -2.14581e+01 |  6 -0.96477  3.56128e+01
  7 -0.13643  1.01351e+01 |  8 -0.44221  3.44156e+01 |  9 -0.18213  8.08530e+00
 10  1.37774  4.48782e+01 | 11  0.07566  1.62855e+01 | 12  0.80045 -1.45376e+01
 13  1.13013  7.21355e+00 | 14  1.43738 -6.44665e+00 | 15 -0.49562 -8.20126e-02
 16 -1.94893 -1.36925e+01 | 17 -1.63012 -2.04024e+00 | 18 -2.14056  1.77452e+01
 19  2.85562  3.44432e-01 | 20  1.12125 -2.42520e+00 | 21  2.01202  9.72011e+00
 22 -1.20263 -4.66900e+00 | 23 -0.68077 -9.78165e+00 | 24  0.78648 -5.07700e+00
 25  1.56034 -8.48778e+00 | 26  1.47428  3.86775e-01 | 27  0.54226 -8.89785e+00
 28  0.28405 -2.05864e+01 | 29 -1.22943 -1.81328e+01 | 30 -1.03507  9.12056e+00
 31 -1.27336 -5.23852e-01 | 32  0.19480 -8.11436e+00 | 33 -1.02473  1.63508e-01
 34  0.92075 -4.02537e-03 | 35 -1.85730 -8.81187e-01 | 36 -1.88964 -4.37789e+00
 37  5.96086 -2.14562e+01 | 38  0.50655 -5.60110e+00 | 39  0.95552  2.70654e+00
 40  0.53258 -1.40432e+00 | 41  0.21032 -1.02959e+01 | 42  0.19922 -6.24190e+00
 43  0.18432 -8.20827e+00 | 44 -0.09403 -7.15771e+00 | 45 -0.24351 -8.34348e+00
 46 -0.05364 -6.60440e+00 | 47 -0.25817 -1.45640e+01 | 48 -0.04887 -7.13162e+00
 49 -0.30420 -5.17007e+00 | 50 -0.68805 -2.35786e+00 | 51 -0.32070 -1.47661e-01
 52 -0.14065  1.44241e+00 |
52 variables; iteration 70; function evaluation 79; phase 4
Function value   4.5933064e+01; maximum gradient component mag   1.9300e+01
Var   Value    Gradient   |Var   Value    Gradient   |Var   Value    Gradient
  1 -0.45426 -8.39294e+00 |  2 -0.69328 -1.67795e+01 |  3  3.46509  1.48766e+00
  4 -1.36424  1.93003e+01 |  5  0.20183  1.90248e+01 |  6 -0.83850 -3.70856e+00
  7 -0.16929 -1.09496e+01 |  8 -0.51832 -4.07891e+00 |  9 -0.20629 -1.41240e+01
 10  1.31896 -8.84286e+00 | 11  0.19157 -1.73053e+01 | 12  1.57406  8.38771e+00
 13  0.65255  1.48159e+00 | 14  0.14122  6.44228e+00 | 15 -1.09503 -7.24380e-01
 16 -1.01643  6.76579e+00 | 17 -1.62265 -1.33736e+00 | 18 -1.89183 -9.12892e+00
 19  2.99879 -3.95014e+00 | 20  0.50193 -2.05689e+00 | 21  1.68343  3.94219e+00
 22 -1.23917 -2.87678e+00 | 23 -0.50617 -3.61344e+00 | 24  1.12916 -2.46109e+00
 25  1.61129 -3.42859e+00 | 26  1.23363  1.44796e+00 | 27  0.02513 -3.28710e+00
 28  0.38122 -8.26796e-01 | 29 -1.32666 -1.16417e+00 | 30 -1.24181  4.70645e+00
 31 -0.76606 -6.06524e-01 | 32  0.44268 -3.84138e+00 | 33 -1.03742 -1.52089e+00
 34  0.92052  6.60097e-01 | 35 -1.79860 -2.66052e-01 | 36 -1.85485  7.07061e-01
 37  5.91162 -7.94362e-01 | 38  0.55775  9.23571e-01 | 39  0.81478  6.33533e-01
 40  0.51154  5.16321e-01 | 41  0.20836  2.72990e-02 | 42  0.25090  4.40533e-01
 43  0.32770  1.43634e+00 | 44 -0.00974  2.55003e+00 | 45 -0.17366  3.99779e+00
 46 -0.10316  2.22341e+00 | 47 -0.11984  1.34764e+00 | 48 -0.05815 -1.70891e+00
 49 -0.26792 -2.64339e-01 | 50 -0.71825  3.01835e-01 | 51 -0.31043  2.17029e+00
 52 -0.16244 -1.38429e-01 |
52 variables; iteration 80; function evaluation 90; phase 4
Function value   4.5199004e+01; maximum gradient component mag   5.3535e-01
Var   Value    Gradient   |Var   Value    Gradient   |Var   Value    Gradient
  1 -0.48216  1.98934e-02 |  2 -0.73942 -2.52744e-01 |  3  3.55118 -1.37364e-01
  4 -1.43384  2.52070e-01 |  5  0.16951 -4.22800e-02 |  6 -0.89401  5.35348e-01
  7 -0.15262  2.96120e-01 |  8 -0.54178 -5.92843e-02 |  9 -0.22438  1.83869e-01
 10  1.39589  3.43019e-01 | 11  0.14166  2.40715e-01 | 12  1.76015 -9.51748e-02
 13  0.75029  2.74400e-01 | 14  0.12913 -5.83749e-02 | 15 -1.15063 -1.21466e-01
 16 -1.08768 -1.87222e-01 | 17 -1.64864 -8.83956e-02 | 18 -1.80171  1.44748e-01
 19  3.18500 -1.18000e-01 | 20  0.24853 -3.05006e-02 | 21  1.96457 -1.00633e-01
 22 -1.08594 -4.10080e-02 | 23 -0.68828 -1.33505e-03 | 24  1.26863 -7.34597e-02
 25  1.48419  2.78718e-04 | 26  1.10144  2.79055e-02 | 27  0.60892  2.62739e-02
 28  0.38486  8.65989e-02 | 29 -1.32930  8.02157e-02 | 30 -1.29129 -4.93439e-02
 31 -0.71550 -1.20433e-01 | 32  0.46161 -5.08971e-02 | 33 -1.00850 -1.70107e-01
 34  0.93440  4.41676e-01 | 35 -1.81117 -9.97906e-02 | 36 -1.83983 -1.36694e-01
 37  5.90677  3.55274e-01 | 38  0.56503 -2.04168e-01 | 39  0.81063 -8.43406e-02
 40  0.52489 -1.74380e-01 | 41  0.21100 -3.42548e-02 | 42  0.25995 -2.30395e-01
 43  0.32540 -2.36895e-01 | 44 -0.02933  8.48203e-02 | 45 -0.19605 -2.51787e-01
 46 -0.12492 -3.70203e-01 | 47 -0.10384 -2.05887e-01 | 48 -0.02685 -3.86791e-02
 49 -0.25258 -2.56141e-01 | 50 -0.72417 -5.26254e-01 | 51 -0.32893 -5.34497e-01
 52 -0.13805 -1.56423e-01 |
52 variables; iteration 90; function evaluation 101; phase 4
Function value   4.5181045e+01; maximum gradient component mag  -1.1943e-01
Var   Value    Gradient   |Var   Value    Gradient   |Var   Value    Gradient
  1 -0.48821 -1.19431e-01 |  2 -0.75186 -5.41200e-02 |  3  3.56585 -7.73198e-03
  4 -1.45272  2.68366e-02 |  5  0.16241  3.93011e-02 |  6 -0.92480 -3.38598e-02
  7 -0.15245  5.14258e-04 |  8 -0.56336  4.05695e-04 |  9 -0.22206 -1.61447e-02
 10  1.44190 -2.89742e-02 | 11  0.12002 -2.69690e-02 | 12  1.50607 -6.00301e-03
 13  0.78557 -6.94821e-03 | 14  0.21685 -1.27062e-02 | 15 -1.16683  7.44049e-03
 16 -1.03372 -1.05738e-03 | 17 -1.66316  6.78402e-03 | 18 -1.95255 -6.18202e-04
 19  3.24544  8.66155e-03 | 20  0.14642 -5.70645e-03 | 21  2.06505  1.81345e-02
 22 -1.03844 -2.27366e-03 | 23 -0.73236 -4.84360e-03 | 24  1.31028 -2.89669e-03
 25  1.43351 -7.59208e-03 | 26  1.02300  1.81122e-02 | 27  0.79198 -9.60866e-03
 28  0.39648  2.47755e-02 | 29 -1.34732  1.67516e-02 | 30 -1.29441  2.02677e-02
 31 -0.70707  4.92523e-03 | 32  0.46285 -3.31506e-03 | 33 -1.00337  1.90489e-02
 34  0.93617 -3.41859e-02 | 35 -1.80736  6.26966e-03 | 36 -1.83721 -5.32452e-02
 37  5.90513  4.74846e-02 | 38  0.56657 -3.38006e-03 | 39  0.81063 -1.19033e-03
 40  0.52752 -3.02392e-03 | 41  0.21126  1.13593e-02 | 42  0.26016 -7.73976e-03
 43  0.32523  6.14095e-03 | 44 -0.03003  3.00049e-02 | 45 -0.19245  2.84645e-03
 46 -0.12324  1.01775e-02 | 47 -0.10258  5.40074e-03 | 48 -0.02764  7.62370e-03
 49 -0.24974 -6.21018e-03 | 50 -0.71952 -1.69006e-02 | 51 -0.32227  2.56358e-02
 52 -0.13554 -1.76076e-02 |
52 variables; iteration 100; function evaluation 111; phase 4
Function value   4.5180771e+01; maximum gradient component mag   3.0796e-03
Var   Value    Gradient   |Var   Value    Gradient   |Var   Value    Gradient
  1 -0.48798  4.71810e-04 |  2 -0.75162  1.88148e-03 |  3  3.56518 -6.67156e-04
  4 -1.45227 -1.51448e-03 |  5  0.16259  3.07958e-03 |  6 -0.92646  4.20100e-04
  7 -0.15268  1.40345e-03 |  8 -0.56481  2.99462e-04 |  9 -0.22239  9.71228e-04
 10  1.44448  5.48070e-04 | 11  0.11999 -5.08353e-04 | 12  1.51045 -1.03881e-03
 13  0.78494 -1.85893e-04 | 14  0.21564 -9.63286e-04 | 15 -1.16667  4.55740e-04
 16 -1.03485 -6.53894e-04 | 17 -1.66276  5.10656e-04 | 18 -1.95000  1.11148e-03
 19  3.24433  7.50639e-04 | 20  0.08264  1.90845e-03 | 21  2.06537 -1.33445e-03
 22 -1.01715  1.77287e-03 | 23 -0.73616  2.03092e-03 | 24  1.32322  2.00893e-03
 25  1.43258  1.85144e-03 | 26  0.98784 -1.67668e-03 | 27  0.79477  1.11815e-03
 28  0.39585 -1.78263e-03 | 29 -1.34649 -1.27610e-03 | 30 -1.29462 -1.19662e-03
 31 -0.70667  1.40130e-04 | 32  0.46264 -5.52467e-04 | 33 -1.00336  1.58762e-03
 34  0.93703  1.87341e-03 | 35 -1.81075 -4.65435e-05 | 36 -1.83585  1.64869e-03
 37  5.90520 -7.16608e-04 | 38  0.56665 -1.25065e-03 | 39  0.81071  9.61285e-04
 40  0.52747 -1.80815e-03 | 41  0.21107  4.47534e-04 | 42  0.26014  1.66964e-04
 43  0.32520 -8.48590e-04 | 44 -0.03024 -1.04163e-04 | 45 -0.19258 -2.19826e-03
 46 -0.12342  1.50977e-03 | 47 -0.10272 -2.04387e-04 | 48 -0.02771 -1.61697e-03
 49 -0.24970  1.21131e-03 | 50 -0.71940  2.65991e-04 | 51 -0.32258 -3.41535e-04
 52 -0.13526 -2.53318e-04 |
52 variables; iteration 110; function evaluation 121; phase 4
Function value   4.5180771e+01; maximum gradient component mag   2.8724e-04
Var   Value    Gradient   |Var   Value    Gradient   |Var   Value    Gradient
  1 -0.48795  1.75983e-05 |  2 -0.75157 -7.64999e-05 |  3  3.56509 -9.27624e-06
  4 -1.45219  7.08106e-05 |  5  0.16257  2.87238e-04 |  6 -0.92646 -1.46279e-05
  7 -0.15267 -1.86045e-04 |  8 -0.56481  2.31718e-05 |  9 -0.22238 -2.19982e-04
 10  1.44448 -6.62074e-05 | 11  0.11995 -2.60029e-04 | 12  1.51050  1.66301e-07
 13  0.78494  2.64470e-05 | 14  0.21563 -5.72073e-06 | 15 -1.16666 -2.18719e-05
 16 -1.03486 -8.32846e-06 | 17 -1.66276 -2.03007e-05 | 18 -1.94997 -6.83364e-06
 19  3.24432 -2.74653e-05 | 20  0.08177 -1.89700e-05 | 21  2.06526  2.61206e-05
 22 -1.01684 -8.44189e-06 | 23 -0.73621 -1.43737e-05 | 24  1.32335 -2.57136e-08
 25  1.43261 -6.49845e-06 | 26  0.98736  3.10638e-05 | 27  0.79465 -1.16113e-05
 28  0.39582 -1.96887e-05 | 29 -1.34643 -2.21078e-05 | 30 -1.29461 -4.43532e-05
 31 -0.70672  1.90226e-06 | 32  0.46266 -1.80724e-05 | 33 -1.00338 -4.51122e-05
 34  0.93696 -4.49333e-06 | 35 -1.81056  3.28513e-06 | 36 -1.83593  2.66480e-05
 37  5.90520 -4.54661e-05 | 38  0.56666  5.58141e-06 | 39  0.81070 -9.14564e-06
 40  0.52748 -6.48253e-06 | 41  0.21106 -1.74205e-05 | 42  0.26014 -4.44130e-06
 43  0.32520 -1.80421e-05 | 44 -0.03024  2.19644e-05 | 45 -0.19257  1.47068e-05
 46 -0.12343 -1.01706e-05 | 47 -0.10271  1.77464e-05 | 48 -0.02770  9.94682e-07
 49 -0.24971 -3.93315e-06 | 50 -0.71940 -5.36897e-07 | 51 -0.32258 -1.53008e-05
 52 -0.13526 -5.26169e-06 |
Estimating row 1 out of 52 for hessian
Estimating row 2 out of 52 for hessian
Estimating row 3 out of 52 for hessian
Estimating row 4 out of 52 for hessian
Estimating row 5 out of 52 for hessian
Estimating row 6 out of 52 for hessian
Estimating row 7 out of 52 for hessian
Estimating row 8 out of 52 for hessian
Estimating row 9 out of 52 for hessian
Estimating row 10 out of 52 for hessian
Estimating row 11 out of 52 for hessian
Estimating row 12 out of 52 for hessian
Estimating row 13 out of 52 for hessian
Estimating row 14 out of 52 for hessian
Estimating row 15 out of 52 for hessian
Estimating row 16 out of 52 for hessian
Estimating row 17 out of 52 for hessian
Estimating row 18 out of 52 for hessian
Estimating row 19 out of 52 for hessian
Estimating row 20 out of 52 for hessian
Estimating row 21 out of 52 for hessian
Estimating row 22 out of 52 for hessian
Estimating row 23 out of 52 for hessian
Estimating row 24 out of 52 for hessian
Estimating row 25 out of 52 for hessian
Estimating row 26 out of 52 for hessian
Estimating row 27 out of 52 for hessian
Estimating row 28 out of 52 for hessian
Estimating row 29 out of 52 for hessian
Estimating row 30 out of 52 for hessian
Estimating row 31 out of 52 for hessian
Estimating row 32 out of 52 for hessian
Estimating row 33 out of 52 for hessian
Estimating row 34 out of 52 for hessian
Estimating row 35 out of 52 for hessian
Estimating row 36 out of 52 for hessian
Estimating row 37 out of 52 for hessian
Estimating row 38 out of 52 for hessian
Estimating row 39 out of 52 for hessian
Estimating row 40 out of 52 for hessian
Estimating row 41 out of 52 for hessian
Estimating row 42 out of 52 for hessian
Estimating row 43 out of 52 for hessian
Estimating row 44 out of 52 for hessian
Estimating row 45 out of 52 for hessian
Estimating row 46 out of 52 for hessian
Estimating row 47 out of 52 for hessian
Estimating row 48 out of 52 for hessian
Estimating row 49 out of 52 for hessian
Estimating row 50 out of 52 for hessian
Estimating row 51 out of 52 for hessian
Estimating row 52 out of 52 for hessian
 2.64481e-05 4.27587e-05 0.000271753 0.000332964 0.000526024 0.000620612 0.000898695 0.00127659 0.00160568 0.00188243 0.00238623 0.00286964 0.00319172 0.0035412 0.00426794 0.00453636 0.00550485 0.0061 0.00636655 0.00665769 0.00667457 0.00668001 0.00675705 0.00690702 0.00773306 0.00841698 0.00861998 0.00948618 0.0104121 0.0105892 0.0110553 0.0115568 0.0149414 0.0163209 0.0247804 0.0442178 0.0638608 0.0806972 0.0916037 0.0966105 0.108046 0.122234 0.145451 0.180889 0.24625 0.392365 0.463924 0.696574 1.07604 4.43754 6.48782 17.0691
Initial seed value -36519
-45.1808 -45.1808
 mcmc sim 1  acceptance rate 0 0
-45.1808 -45.1808
 mcmc sim 201  acceptance rate 0 0
decreasing step size -222.323
-66.9071 -66.9071
 mcmc sim 401  acceptance rate 0.311721 0.625
increasing step size -186.28
-57.8137 -57.8137
 mcmc sim 601  acceptance rate 0.33777 0.39
-72.5199 -72.5199
 mcmc sim 801  acceptance rate 0.350811 0.39
-66.3274 -66.3274
 mcmc sim 1001  acceptance rate 0.367632 0.435
increasing step size -176.799
-85.1361 -85.1361
 mcmc sim 1201  acceptance rate 0.373022 0.4
-89.9796 -89.9796
 mcmc sim 1401  acceptance rate 0.377587 0.405
increasing step size -167.318
-96.2766 -96.2766
 mcmc sim 1601  acceptance rate 0.386633 0.45
increasing step size -157.837
-87.7418 -87.7418
 mcmc sim 1801  acceptance rate 0.376458 0.295
-82.2751 -82.2751
 mcmc sim 2001  acceptance rate 0.35982 0.21
-76.4423 -76.4423
 mcmc sim 2201  acceptance rate 0.348932 0.24
-79.3919 -79.3919
 mcmc sim 2401  acceptance rate 0.339025 0.23
-72.1372 -72.1372
 mcmc sim 2601  acceptance rate 0.330258 0.225
-69.3548 -69.3548
 mcmc sim 2801  acceptance rate 0.319886 0.185
-70.4693 -70.4693
 mcmc sim 3001  acceptance rate 0.310563 0.18
-78.404 -78.404
 mcmc sim 3201  acceptance rate 0.304905 0.22
-86.8159 -86.8159
 mcmc sim 3401  acceptance rate 0.30344 0.28
-83.0097 -83.0097
 mcmc sim 3601  acceptance rate 0.301583 0.27
-73.3206 -73.3206
 mcmc sim 3801  acceptance rate 0.294922 0.175
-83.6397 -83.6397
 mcmc sim 4001  acceptance rate 0.290677 0.21
-74.5517 -74.5517
 mcmc sim 4201  acceptance rate 0.288741 0.25
-77.3048 -77.3048
 mcmc sim 4401  acceptance rate 0.287207 0.255
-73.6415 -73.6415
 mcmc sim 4601  acceptance rate 0.283199 0.195
-78.1243 -78.1243
 mcmc sim 4801  acceptance rate 0.280567 0.22
-74.2665 -74.2665
 mcmc sim 5001  acceptance rate 0.276145 0.17
-71.0059 -71.0059
 mcmc sim 5201  acceptance rate 0.273409 0.205
-68.8498 -68.8498
 mcmc sim 5401  acceptance rate 0.27032 0.19
-71.5409 -71.5409
 mcmc sim 5601  acceptance rate 0.267095 0.18
-80.6265 -80.6265
 mcmc sim 5801  acceptance rate 0.266333 0.245
-77.7119 -77.7119
 mcmc sim 6001  acceptance rate 0.266122 0.26
-83.2302 -83.2302
 mcmc sim 6201  acceptance rate 0.266409 0.275
-71.1295 -71.1295
 mcmc sim 6401  acceptance rate 0.265427 0.235
-69.9887 -69.9887
 mcmc sim 6601  acceptance rate 0.262687 0.175
-71.5508 -71.5508
 mcmc sim 6801  acceptance rate 0.259668 0.16
-71.5301 -71.5301
 mcmc sim 7001  acceptance rate 0.258963 0.235
-72.7564 -72.7564
 mcmc sim 7201  acceptance rate 0.256909 0.185
-68.7534 -68.7534
 mcmc sim 7401  acceptance rate 0.255236 0.195
-76.3794 -76.3794
 mcmc sim 7601  acceptance rate 0.253388 0.185
-73.8214 -73.8214
 mcmc sim 7801  acceptance rate 0.252404 0.215
-77.8328 -77.8328
 mcmc sim 8001  acceptance rate 0.251469 0.215
-77.6229 -77.6229
 mcmc sim 8201  acceptance rate 0.251555 0.255
-71.1915 -71.1915
 mcmc sim 8401  acceptance rate 0.252589 0.295
-71.4585 -71.4585
 mcmc sim 8601  acceptance rate 0.251715 0.215
-78.9064 -78.9064
 mcmc sim 8801  acceptance rate 0.251221 0.23
-73.7104 -73.7104
 mcmc sim 9001  acceptance rate 0.250417 0.215
-73.6287 -73.6287
 mcmc sim 9201  acceptance rate 0.248995 0.185
-72.7007 -72.7007
 mcmc sim 9401  acceptance rate 0.248803 0.24
-68.5947 -68.5947
 mcmc sim 9601  acceptance rate 0.247162 0.17
-68.636 -68.636
 mcmc sim 9801  acceptance rate 0.244363 0.11
-72.1861 -72.1861
 mcmc sim 10001  acceptance rate 0.242676 0.16
-70.3564 -70.3564
 mcmc sim 10201  acceptance rate 0.241741 0.195
-69.3901 -69.3901
 mcmc sim 10401  acceptance rate 0.24065 0.185
-80.6401 -80.6401
 mcmc sim 10601  acceptance rate 0.239317 0.17
-68.2074 -68.2074
 mcmc sim 10801  acceptance rate 0.238682 0.205
-85.2764 -85.2764
 mcmc sim 11001  acceptance rate 0.237524 0.175
-87.3564 -87.3564
 mcmc sim 11201  acceptance rate 0.237836 0.255
-84.8235 -84.8235
 mcmc sim 11401  acceptance rate 0.237523 0.22
-85.6089 -85.6089
 mcmc sim 11601  acceptance rate 0.236962 0.205
-88.6874 -88.6874
 mcmc sim 11801  acceptance rate 0.237438 0.265
-79.3245 -79.3245
 mcmc sim 12001  acceptance rate 0.237897 0.265
-81.9192 -81.9192
 mcmc sim 12201  acceptance rate 0.238423 0.27
-80.5403 -80.5403
 mcmc sim 12401  acceptance rate 0.238126 0.22
-77.0956 -77.0956
 mcmc sim 12601  acceptance rate 0.238235 0.245
-81.0283 -81.0283
 mcmc sim 12801  acceptance rate 0.238185 0.235
-83.119 -83.119
 mcmc sim 13001  acceptance rate 0.238443 0.255
-76.1902 -76.1902
 mcmc sim 13201  acceptance rate 0.237861 0.2
-81.7058 -81.7058
 mcmc sim 13401  acceptance rate 0.23752 0.215
-74.581 -74.581
 mcmc sim 13601  acceptance rate 0.237335 0.225
-79.7769 -79.7769
 mcmc sim 13801  acceptance rate 0.236505 0.18
-73.8904 -73.8904
 mcmc sim 14001  acceptance rate 0.23634 0.225
-87.3052 -87.3052
 mcmc sim 14201  acceptance rate 0.236885 0.275
-83.0139 -83.0139
 mcmc sim 14401  acceptance rate 0.236511 0.21
-85.8164 -85.8164
 mcmc sim 14601  acceptance rate 0.236422 0.23
-99.102 -99.102
 mcmc sim 14801  acceptance rate 0.237281 0.3
-84.4549 -84.4549
 mcmc sim 15001  acceptance rate 0.237584 0.26
-77.3005 -77.3005
 mcmc sim 15201  acceptance rate 0.237813 0.255
-68.8973 -68.8973
 mcmc sim 15401  acceptance rate 0.237712 0.23
-75.8819 -75.8819
 mcmc sim 15601  acceptance rate 0.237741 0.24
-74.6235 -74.6235
 mcmc sim 15801  acceptance rate 0.237453 0.215
-85.757 -85.757
 mcmc sim 16001  acceptance rate 0.23686 0.19
-89.0455 -89.0455
 mcmc sim 16201  acceptance rate 0.238627 0.38
-89.8755 -89.8755
 mcmc sim 16401  acceptance rate 0.238522 0.23
-95.7707 -95.7707
 mcmc sim 16601  acceptance rate 0.238841 0.265
-88.0499 -88.0499
 mcmc sim 16801  acceptance rate 0.238974 0.25
-76.4988 -76.4988
 mcmc sim 17001  acceptance rate 0.238986 0.24
-73.574 -73.574
 mcmc sim 17201  acceptance rate 0.239172 0.255
-70.3314 -70.3314
 mcmc sim 17401  acceptance rate 0.238032 0.14
-85.9104 -85.9104
 mcmc sim 17601  acceptance rate 0.238168 0.25
-73.063 -73.063
 mcmc sim 17801  acceptance rate 0.237852 0.21
-77.1845 -77.1845
 mcmc sim 18001  acceptance rate 0.237709 0.225
-74.0873 -74.0873
 mcmc sim 18201  acceptance rate 0.236745 0.15
-75.1817 -75.1817
 mcmc sim 18401  acceptance rate 0.23602 0.17
-79.2308 -79.2308
 mcmc sim 18601  acceptance rate 0.235632 0.2
-75.3565 -75.3565
 mcmc sim 18801  acceptance rate 0.235253 0.2
-75.3611 -75.3611
 mcmc sim 19001  acceptance rate 0.23504 0.215
-75.8913 -75.8913
 mcmc sim 19201  acceptance rate 0.235092 0.24
-68.0666 -68.0666
 mcmc sim 19401  acceptance rate 0.234988 0.225
-73.4844 -73.4844
 mcmc sim 19601  acceptance rate 0.234988 0.235
-72.4762 -72.4762
 mcmc sim 19801  acceptance rate 0.234382 0.175
-75.0322 -75.0322
 mcmc sim 20001  acceptance rate 0.234338 0.23
-83.8325 -83.8325
 mcmc sim 20201  acceptance rate 0.233652 0.165
-75.1648 -75.1648
 mcmc sim 20401  acceptance rate 0.233273 0.195
-66.7942 -66.7942
 mcmc sim 20601  acceptance rate 0.232173 0.12
-68.112 -68.112
 mcmc sim 20801  acceptance rate 0.231287 0.14
-78.6383 -78.6383
 mcmc sim 21001  acceptance rate 0.230799 0.18
-66.536 -66.536
 mcmc sim 21201  acceptance rate 0.230697 0.22
-66.4016 -66.4016
 mcmc sim 21401  acceptance rate 0.230083 0.165
-67.5758 -67.5758
 mcmc sim 21601  acceptance rate 0.229063 0.12
-72.3477 -72.3477
 mcmc sim 21801  acceptance rate 0.22843 0.16
-84.1415 -84.1415
 mcmc sim 22001  acceptance rate 0.228035 0.185
-104.826 -104.826
 mcmc sim 22201  acceptance rate 0.228773 0.31
-95.2015 -95.2015
 mcmc sim 22401  acceptance rate 0.229275 0.285
-84.9567 -84.9567
 mcmc sim 22601  acceptance rate 0.229813 0.29
-83.8804 -83.8804
 mcmc sim 22801  acceptance rate 0.22999 0.25
-85.1319 -85.1319
 mcmc sim 23001  acceptance rate 0.229947 0.225
-69.6521 -69.6521
 mcmc sim 23201  acceptance rate 0.229947 0.23
-68.635 -68.635
 mcmc sim 23401  acceptance rate 0.229349 0.16
-74.8386 -74.8386
 mcmc sim 23601  acceptance rate 0.228931 0.18
-71.7942 -71.7942
 mcmc sim 23801  acceptance rate 0.228646 0.195
-75.4904 -75.4904
 mcmc sim 24001  acceptance rate 0.228615 0.225
-69.7768 -69.7768
 mcmc sim 24201  acceptance rate 0.228586 0.225
-78.792 -78.792
 mcmc sim 24401  acceptance rate 0.228064 0.165
-78.7251 -78.7251
 mcmc sim 24601  acceptance rate 0.22808 0.23
-75.6144 -75.6144
 mcmc sim 24801  acceptance rate 0.227854 0.2
-79.3812 -79.3812
 mcmc sim 25001  acceptance rate 0.227431 0.175
-86.2574 -86.2574
 mcmc sim 25201  acceptance rate 0.227332 0.215
-74.2534 -74.2534
 mcmc sim 25401  acceptance rate 0.227038 0.19
-80.6368 -80.6368
 mcmc sim 25601  acceptance rate 0.226788 0.195
-74.6026 -74.6026
 mcmc sim 25801  acceptance rate 0.226968 0.25
-76.3463 -76.3463
 mcmc sim 26001  acceptance rate 0.227107 0.245
-71.1435 -71.1435
 mcmc sim 26201  acceptance rate 0.226823 0.19
-78.0983 -78.0983
 mcmc sim 26401  acceptance rate 0.226355 0.165
-71.9061 -71.9061
 mcmc sim 26601  acceptance rate 0.226044 0.185
-68.8561 -68.8561
 mcmc sim 26801  acceptance rate 0.225701 0.18
-72.743 -72.743
 mcmc sim 27001  acceptance rate 0.225918 0.255
-81.8528 -81.8528
 mcmc sim 27201  acceptance rate 0.226021 0.24
-67.9572 -67.9572
 mcmc sim 27401  acceptance rate 0.226014 0.225
-77.3748 -77.3748
 mcmc sim 27601  acceptance rate 0.226187 0.25
-79.6764 -79.6764
 mcmc sim 27801  acceptance rate 0.226287 0.24
-77.623 -77.623
 mcmc sim 28001  acceptance rate 0.22617 0.21
-70.801 -70.801
 mcmc sim 28201  acceptance rate 0.226339 0.25
-72.2065 -72.2065
 mcmc sim 28401  acceptance rate 0.226048 0.185
-68.393 -68.393
 mcmc sim 28601  acceptance rate 0.225796 0.19
-73.81 -73.81
 mcmc sim 28801  acceptance rate 0.225374 0.165
-84.7545 -84.7545
 mcmc sim 29001  acceptance rate 0.225475 0.24
-82.0658 -82.0658
 mcmc sim 29201  acceptance rate 0.225472 0.225
-77.4707 -77.4707
 mcmc sim 29401  acceptance rate 0.225435 0.22
-70.9292 -70.9292
 mcmc sim 29601  acceptance rate 0.225465 0.23
-71.3695 -71.3695
 mcmc sim 29801  acceptance rate 0.225093 0.17
-67.2217 -67.2217
 mcmc sim 30001  acceptance rate 0.225192 0.24
-66.2922 -66.2922
 mcmc sim 30201  acceptance rate 0.224959 0.19
-65.4653 -65.4653
 mcmc sim 30401  acceptance rate 0.224664 0.18
-66.6513 -66.6513
 mcmc sim 30601  acceptance rate 0.224404 0.185
-73.6691 -73.6691
 mcmc sim 30801  acceptance rate 0.224149 0.185
-74.056 -74.056
 mcmc sim 31001  acceptance rate 0.224444 0.27
-74.567 -74.567
 mcmc sim 31201  acceptance rate 0.224224 0.19
-76.297 -76.297
 mcmc sim 31401  acceptance rate 0.224356 0.245
-74.6142 -74.6142
 mcmc sim 31601  acceptance rate 0.224487 0.245
-75.0847 -75.0847
 mcmc sim 31801  acceptance rate 0.224458 0.22
-70.2769 -70.2769
 mcmc sim 32001  acceptance rate 0.224337 0.205
-77.8956 -77.8956
 mcmc sim 32201  acceptance rate 0.224092 0.185
-76.7607 -76.7607
 mcmc sim 32401  acceptance rate 0.224376 0.27
-73.57 -73.57
 mcmc sim 32601  acceptance rate 0.224748 0.285
-72.3433 -72.3433
 mcmc sim 32801  acceptance rate 0.22481 0.235
-73.7154 -73.7154
 mcmc sim 33001  acceptance rate 0.225023 0.26
-75.3607 -75.3607
 mcmc sim 33201  acceptance rate 0.224873 0.2
-83.7667 -83.7667
 mcmc sim 33401  acceptance rate 0.224544 0.17
-86.0912 -86.0912
 mcmc sim 33601  acceptance rate 0.224606 0.235
-81.2438 -81.2438
 mcmc sim 33801  acceptance rate 0.224816 0.26
-88.2292 -88.2292
 mcmc sim 34001  acceptance rate 0.224758 0.215
-90.0642 -90.0642
 mcmc sim 34201  acceptance rate 0.224847 0.24
-79.2463 -79.2463
 mcmc sim 34401  acceptance rate 0.22511 0.27
-73.6739 -73.6739
 mcmc sim 34601  acceptance rate 0.225225 0.245
-78.4272 -78.4272
 mcmc sim 34801  acceptance rate 0.224821 0.155
-80.7307 -80.7307
 mcmc sim 35001  acceptance rate 0.224936 0.245
-79.6595 -79.6595
 mcmc sim 35201  acceptance rate 0.225164 0.265
-78.3683 -78.3683
 mcmc sim 35401  acceptance rate 0.224965 0.19
-74.9936 -74.9936
 mcmc sim 35601  acceptance rate 0.22505 0.24
-70.6775 -70.6775
 mcmc sim 35801  acceptance rate 0.224938 0.205
-76.6975 -76.6975
 mcmc sim 36001  acceptance rate 0.224633 0.17
-79.2727 -79.2727
 mcmc sim 36201  acceptance rate 0.224497 0.2
-73.857 -73.857
 mcmc sim 36401  acceptance rate 0.224252 0.18
-69.4892 -69.4892
 mcmc sim 36601  acceptance rate 0.224038 0.185
-76.8818 -76.8818
 mcmc sim 36801  acceptance rate 0.223988 0.215
-75.176 -75.176
 mcmc sim 37001  acceptance rate 0.223832 0.195
-72.8749 -72.8749
 mcmc sim 37201  acceptance rate 0.223865 0.23
-76.9703 -76.9703
 mcmc sim 37401  acceptance rate 0.223924 0.235
-79.5995 -79.5995
 mcmc sim 37601  acceptance rate 0.223877 0.215
-78.0993 -78.0993
 mcmc sim 37801  acceptance rate 0.223698 0.19
-79.0733 -79.0733
 mcmc sim 38001  acceptance rate 0.224336 0.345
-75.0449 -75.0449
 mcmc sim 38201  acceptance rate 0.224261 0.21
-83.0541 -83.0541
 mcmc sim 38401  acceptance rate 0.224291 0.23
-74.7191 -74.7191
 mcmc sim 38601  acceptance rate 0.224502 0.265
-77.3794 -77.3794
 mcmc sim 38801  acceptance rate 0.224273 0.18
-73.3975 -73.3975
 mcmc sim 39001  acceptance rate 0.223969 0.165
-75.6118 -75.6118
 mcmc sim 39201  acceptance rate 0.223923 0.215
-74.1866 -74.1866
 mcmc sim 39401  acceptance rate 0.223852 0.21
-73.8743 -73.8743
 mcmc sim 39601  acceptance rate 0.223757 0.205
-75.378 -75.378
 mcmc sim 39801  acceptance rate 0.223939 0.26
-75.0473 -75.0473
 mcmc sim 40001  acceptance rate 0.223669 0.17
-71.8618 -71.8618
 mcmc sim 40201  acceptance rate 0.223651 0.22
-73.2417 -73.2417
 mcmc sim 40401  acceptance rate 0.22341 0.175
-72.892 -72.892
 mcmc sim 40601  acceptance rate 0.223147 0.17
-72.5668 -72.5668
 mcmc sim 40801  acceptance rate 0.223205 0.235
-69.9425 -69.9425
 mcmc sim 41001  acceptance rate 0.223214 0.225
-76.8516 -76.8516
 mcmc sim 41201  acceptance rate 0.223126 0.205
-76.1956 -76.1956
 mcmc sim 41401  acceptance rate 0.223135 0.225
-69.6816 -69.6816
 mcmc sim 41601  acceptance rate 0.223576 0.315
-72.3046 -72.3046
 mcmc sim 41801  acceptance rate 0.223033 0.11
-69.8935 -69.8935
 mcmc sim 42001  acceptance rate 0.22278 0.17
-79.4277 -79.4277
 mcmc sim 42201  acceptance rate 0.22227 0.115
-82.8874 -82.8874
 mcmc sim 42401  acceptance rate 0.222448 0.26
-79.9093 -79.9093
 mcmc sim 42601  acceptance rate 0.222553 0.245
-78.257 -78.257
 mcmc sim 42801  acceptance rate 0.222542 0.22
-80.1147 -80.1147
 mcmc sim 43001  acceptance rate 0.222623 0.24
-72.739 -72.739
 mcmc sim 43201  acceptance rate 0.222425 0.18
-78.4463 -78.4463
 mcmc sim 43401  acceptance rate 0.222138 0.16
-78.6862 -78.6862
 mcmc sim 43601  acceptance rate 0.222357 0.27
-85.2159 -85.2159
 mcmc sim 43801  acceptance rate 0.222552 0.265
-84.9361 -84.9361
 mcmc sim 44001  acceptance rate 0.222586 0.23
-79.2374 -79.2374
 mcmc sim 44201  acceptance rate 0.222755 0.26
-74.1447 -74.1447
 mcmc sim 44401  acceptance rate 0.222788 0.23
-75.4915 -75.4915
 mcmc sim 44601  acceptance rate 0.222708 0.205
-75.1479 -75.1479
 mcmc sim 44801  acceptance rate 0.222696 0.22
-78.3575 -78.3575
 mcmc sim 45001  acceptance rate 0.222795 0.245
-64.2802 -64.2802
 mcmc sim 45201  acceptance rate 0.222672 0.195
-70.2303 -70.2303
 mcmc sim 45401  acceptance rate 0.222462 0.175
-73.1834 -73.1834
 mcmc sim 45601  acceptance rate 0.222232 0.17
-89.1045 -89.1045
 mcmc sim 45801  acceptance rate 0.222266 0.23
-80.8378 -80.8378
 mcmc sim 46001  acceptance rate 0.222473 0.27
-76.9339 -76.9339
 mcmc sim 46201  acceptance rate 0.222614 0.255
-74.2763 -74.2763
 mcmc sim 46401  acceptance rate 0.222517 0.2
-76.4921 -76.4921
 mcmc sim 46601  acceptance rate 0.222484 0.215
-78.7153 -78.7153
 mcmc sim 46801  acceptance rate 0.22241 0.205
-84.7894 -84.7894
 mcmc sim 47001  acceptance rate 0.222761 0.305
-74.5611 -74.5611
 mcmc sim 47201  acceptance rate 0.222855 0.245
-78.5007 -78.5007
 mcmc sim 47401  acceptance rate 0.22297 0.25
-75.1885 -75.1885
 mcmc sim 47601  acceptance rate 0.222789 0.18
-83.9788 -83.9788
 mcmc sim 47801  acceptance rate 0.222882 0.245
-76.4065 -76.4065
 mcmc sim 48001  acceptance rate 0.22287 0.22
-79.8962 -79.8962
 mcmc sim 48201  acceptance rate 0.222962 0.245
-88.9661 -88.9661
 mcmc sim 48401  acceptance rate 0.223281 0.3
-82.3471 -82.3471
 mcmc sim 48601  acceptance rate 0.223205 0.205
-73.0931 -73.0931
 mcmc sim 48801  acceptance rate 0.223336 0.255
-81.6355 -81.6355
 mcmc sim 49001  acceptance rate 0.223424 0.245
-79.3363 -79.3363
 mcmc sim 49201  acceptance rate 0.223288 0.19
-83.742 -83.742
 mcmc sim 49401  acceptance rate 0.223376 0.245
-79.4844 -79.4844
 mcmc sim 49601  acceptance rate 0.223322 0.21
-74.2267 -74.2267
 mcmc sim 49801  acceptance rate 0.223309 0.22
-84.5606 -84.5606
 mcmc sim 50001  acceptance rate 0.223396 0.245
-75.6062 -75.6062
 mcmc sim 50201  acceptance rate 0.223402 0.225
-81.3337 -81.3337
 mcmc sim 50401  acceptance rate 0.223289 0.195
-92.1302 -92.1302
 mcmc sim 50601  acceptance rate 0.223454 0.265
-76.2428 -76.2428
 mcmc sim 50801  acceptance rate 0.223578 0.255
-70.4691 -70.4691
 mcmc sim 51001  acceptance rate 0.22327 0.145
-77.4082 -77.4082
 mcmc sim 51201  acceptance rate 0.223062 0.17
-71.5745 -71.5745
 mcmc sim 51401  acceptance rate 0.222817 0.16
-76.6275 -76.6275
 mcmc sim 51601  acceptance rate 0.222651 0.18
-76.0683 -76.0683
 mcmc sim 51801  acceptance rate 0.22266 0.225
-79.5299 -79.5299
 mcmc sim 52001  acceptance rate 0.222553 0.195
-88.4598 -88.4598
 mcmc sim 52201  acceptance rate 0.222659 0.25
-88.0854 -88.0854
 mcmc sim 52401  acceptance rate 0.222782 0.255
-66.7688 -66.7688
 mcmc sim 52601  acceptance rate 0.222619 0.18
-75.363 -75.363
 mcmc sim 52801  acceptance rate 0.222439 0.175
-82.2895 -82.2895
 mcmc sim 53001  acceptance rate 0.222335 0.195
-74.2913 -74.2913
 mcmc sim 53201  acceptance rate 0.222063 0.15
-66.3971 -66.3971
 mcmc sim 53401  acceptance rate 0.22185 0.165
-77.5648 -77.5648
 mcmc sim 53601  acceptance rate 0.221806 0.21
-76.9745 -76.9745
 mcmc sim 53801  acceptance rate 0.221892 0.245
-91.8701 -91.8701
 mcmc sim 54001  acceptance rate 0.221792 0.195
-82.8058 -82.8058
 mcmc sim 54201  acceptance rate 0.221822 0.23
-89.1238 -89.1238
 mcmc sim 54401  acceptance rate 0.222092 0.295
-78.1487 -78.1487
 mcmc sim 54601  acceptance rate 0.222212 0.255
-83.064 -83.064
 mcmc sim 54801  acceptance rate 0.222222 0.225
-90.6551 -90.6551
 mcmc sim 55001  acceptance rate 0.222305 0.245
-75.3428 -75.3428
 mcmc sim 55201  acceptance rate 0.222297 0.22
-75.1617 -75.1617
 mcmc sim 55401  acceptance rate 0.222325 0.23
-85.8129 -85.8129
 mcmc sim 55601  acceptance rate 0.222532 0.28
-84.2568 -84.2568
 mcmc sim 55801  acceptance rate 0.222738 0.28
-79.3029 -79.3029
 mcmc sim 56001  acceptance rate 0.222746 0.225
-79.2711 -79.2711
 mcmc sim 56201  acceptance rate 0.222968 0.285
-85.0569 -85.0569
 mcmc sim 56401  acceptance rate 0.223081 0.255
-89.5212 -89.5212
 mcmc sim 56601  acceptance rate 0.223441 0.325
-69.5904 -69.5904
 mcmc sim 56801  acceptance rate 0.223253 0.17
-69.1013 -69.1013
 mcmc sim 57001  acceptance rate 0.222943 0.135
-69.0094 -69.0094
 mcmc sim 57201  acceptance rate 0.222968 0.23
-66.8874 -66.8874
 mcmc sim 57401  acceptance rate 0.222888 0.2
-78.1277 -78.1277
 mcmc sim 57601  acceptance rate 0.222704 0.17
-80.0775 -80.0775
 mcmc sim 57801  acceptance rate 0.222626 0.2
-70.056 -70.056
 mcmc sim 58001  acceptance rate 0.222496 0.185
-73.8286 -73.8286
 mcmc sim 58201  acceptance rate 0.222402 0.195
-68.5556 -68.5556
 mcmc sim 58401  acceptance rate 0.222393 0.22
-65.5022 -65.5022
 mcmc sim 58601  acceptance rate 0.222112 0.14
-76.5592 -76.5592
 mcmc sim 58801  acceptance rate 0.222105 0.22
-82.8652 -82.8652
 mcmc sim 59001  acceptance rate 0.221996 0.19
-71.1369 -71.1369
 mcmc sim 59201  acceptance rate 0.221905 0.195
-76.2049 -76.2049
 mcmc sim 59401  acceptance rate 0.222151 0.295
-78.7745 -78.7745
 mcmc sim 59601  acceptance rate 0.222094 0.205
-88.5934 -88.5934
 mcmc sim 59801  acceptance rate 0.222137 0.235
-83.1835 -83.1835
 mcmc sim 60001  acceptance rate 0.22208 0.205
-91.0771 -91.0771
 mcmc sim 60201  acceptance rate 0.221956 0.185
-77.6353 -77.6353
 mcmc sim 60401  acceptance rate 0.222116 0.27
-71.8945 -71.8945
 mcmc sim 60601  acceptance rate 0.221977 0.18
-74.8 -74.8
 mcmc sim 60801  acceptance rate 0.221954 0.215
-68.5068 -68.5068
 mcmc sim 61001  acceptance rate 0.221668 0.135
-63.9969 -63.9969
 mcmc sim 61201  acceptance rate 0.221402 0.14
-66.0278 -66.0278
 mcmc sim 61401  acceptance rate 0.221234 0.17
-73.3545 -73.3545
 mcmc sim 61601  acceptance rate 0.221117 0.185
-71.7763 -71.7763
 mcmc sim 61801  acceptance rate 0.221016 0.19
-78.1354 -78.1354
 mcmc sim 62001  acceptance rate 0.220884 0.18
-70.3232 -70.3232
 mcmc sim 62201  acceptance rate 0.220607 0.135
-66.4112 -66.4112
 mcmc sim 62401  acceptance rate 0.220397 0.155
-77.607 -77.607
 mcmc sim 62601  acceptance rate 0.220236 0.17
-77.2432 -77.2432
 mcmc sim 62801  acceptance rate 0.220203 0.21
-80.4984 -80.4984
 mcmc sim 63001  acceptance rate 0.220187 0.215
-80.0753 -80.0753
 mcmc sim 63201  acceptance rate 0.220139 0.205
-78.1884 -78.1884
 mcmc sim 63401  acceptance rate 0.220091 0.205
-74.8764 -74.8764
 mcmc sim 63601  acceptance rate 0.219934 0.17
-78.2336 -78.2336
 mcmc sim 63801  acceptance rate 0.220059 0.26
-71.4361 -71.4361
 mcmc sim 64001  acceptance rate 0.220028 0.21
-76.6988 -76.6988
 mcmc sim 64201  acceptance rate 0.220152 0.26
-71.8868 -71.8868
 mcmc sim 64401  acceptance rate 0.220152 0.22
-76.9089 -76.9089
 mcmc sim 64601  acceptance rate 0.220012 0.175
-79.8763 -79.8763
 mcmc sim 64801  acceptance rate 0.220166 0.27
-71.1628 -71.1628
 mcmc sim 65001  acceptance rate 0.220258 0.25
-63.9832 -63.9832
 mcmc sim 65201  acceptance rate 0.220058 0.155
-73.4712 -73.4712
 mcmc sim 65401  acceptance rate 0.220058 0.22
-66.3371 -66.3371
 mcmc sim 65601  acceptance rate 0.220027 0.21
-69.8017 -69.8017
 mcmc sim 65801  acceptance rate 0.219814 0.15
-69.491 -69.491
 mcmc sim 66001  acceptance rate 0.219739 0.195
-67.2452 -67.2452
 mcmc sim 66201  acceptance rate 0.219589 0.17
-75.0091 -75.0091
 mcmc sim 66401  acceptance rate 0.219575 0.215
-71.2624 -71.2624
 mcmc sim 66601  acceptance rate 0.219456 0.18
-74.732 -74.732
 mcmc sim 66801  acceptance rate 0.219338 0.18
-75.0578 -75.0578
 mcmc sim 67001  acceptance rate 0.21943 0.25
-76.8338 -76.8338
 mcmc sim 67201  acceptance rate 0.219565 0.265
-80.8811 -80.8811
 mcmc sim 67401  acceptance rate 0.219359 0.15
-82.6851 -82.6851
 mcmc sim 67601  acceptance rate 0.219464 0.255
-73.5627 -73.5627
 mcmc sim 67801  acceptance rate 0.219377 0.19
-69.5123 -69.5123
 mcmc sim 68001  acceptance rate 0.219394 0.225
-79.1119 -79.1119
 mcmc sim 68201  acceptance rate 0.219381 0.215
-73.7045 -73.7045
 mcmc sim 68401  acceptance rate 0.219324 0.2
-72.5438 -72.5438
 mcmc sim 68601  acceptance rate 0.219224 0.185
-75.9205 -75.9205
 mcmc sim 68801  acceptance rate 0.219256 0.23
-76.0266 -76.0266
 mcmc sim 69001  acceptance rate 0.21933 0.245
-76.4176 -76.4176
 mcmc sim 69201  acceptance rate 0.21939 0.24
-77.3936 -77.3936
 mcmc sim 69401  acceptance rate 0.219305 0.19
-74.3703 -74.3703
 mcmc sim 69601  acceptance rate 0.219278 0.21
-68.3598 -68.3598
 mcmc sim 69801  acceptance rate 0.219166 0.18
-69.5641 -69.5641
 mcmc sim 70001  acceptance rate 0.219168 0.22
-71.507 -71.507
 mcmc sim 70201  acceptance rate 0.219057 0.18
-80.96 -80.96
 mcmc sim 70401  acceptance rate 0.219017 0.205
-87.042 -87.042
 mcmc sim 70601  acceptance rate 0.219005 0.215
-82.5964 -82.5964
 mcmc sim 70801  acceptance rate 0.218782 0.14
-74.7506 -74.7506
 mcmc sim 71001  acceptance rate 0.218786 0.22
-71.1277 -71.1277
 mcmc sim 71201  acceptance rate 0.218789 0.22
-69.4737 -69.4737
 mcmc sim 71401  acceptance rate 0.21861 0.155
-90.1334 -90.1334
 mcmc sim 71601  acceptance rate 0.21853 0.19
-83.3655 -83.3655
 mcmc sim 71801  acceptance rate 0.218646 0.26
-91.2297 -91.2297
 mcmc sim 72001  acceptance rate 0.218636 0.215
-71.6794 -71.6794
 mcmc sim 72201  acceptance rate 0.218487 0.165
-81.9434 -81.9434
 mcmc sim 72401  acceptance rate 0.218643 0.275
-77.3444 -77.3444
 mcmc sim 72601  acceptance rate 0.218633 0.215
-75.1127 -75.1127
 mcmc sim 72801  acceptance rate 0.218459 0.155
-76.288 -76.288
 mcmc sim 73001  acceptance rate 0.218422 0.205
-76.4887 -76.4887
 mcmc sim 73201  acceptance rate 0.218467 0.235
-88.9576 -88.9576
 mcmc sim 73401  acceptance rate 0.218376 0.185
-81.9966 -81.9966
 mcmc sim 73601  acceptance rate 0.218502 0.265
-69.1201 -69.1201
 mcmc sim 73801  acceptance rate 0.218561 0.24
-67.895 -67.895
 mcmc sim 74001  acceptance rate 0.218457 0.18
-77.705 -77.705
 mcmc sim 74201  acceptance rate 0.218312 0.165
-80.5165 -80.5165
 mcmc sim 74401  acceptance rate 0.218344 0.23
-83.5152 -83.5152
 mcmc sim 74601  acceptance rate 0.218375 0.23
-72.6211 -72.6211
 mcmc sim 74801  acceptance rate 0.218446 0.245
-80.5563 -80.5563
 mcmc sim 75001  acceptance rate 0.218464 0.225
-87.7576 -87.7576
 mcmc sim 75201  acceptance rate 0.218494 0.23
-75.0358 -75.0358
 mcmc sim 75401  acceptance rate 0.218445 0.2
-68.056 -68.056
 mcmc sim 75601  acceptance rate 0.218436 0.215
-74.9366 -74.9366
 mcmc sim 75801  acceptance rate 0.218454 0.225
-77.6152 -77.6152
 mcmc sim 76001  acceptance rate 0.218352 0.18
-78.3897 -78.3897
 mcmc sim 76201  acceptance rate 0.21833 0.21
-80.5397 -80.5397
 mcmc sim 76401  acceptance rate 0.218374 0.235
-83.1113 -83.1113
 mcmc sim 76601  acceptance rate 0.218339 0.205
-76.7781 -76.7781
 mcmc sim 76801  acceptance rate 0.218291 0.2
-77.7065 -77.7065
 mcmc sim 77001  acceptance rate 0.218296 0.22
-72.0285 -72.0285
 mcmc sim 77201  acceptance rate 0.218132 0.155
-83.1421 -83.1421
 mcmc sim 77401  acceptance rate 0.218072 0.195
-72.9612 -72.9612
 mcmc sim 77601  acceptance rate 0.218026 0.2
-70.2749 -70.2749
 mcmc sim 77801  acceptance rate 0.217992 0.205
-65.8954 -65.8954
 mcmc sim 78001  acceptance rate 0.217843 0.16
-78.0351 -78.0351
 mcmc sim 78201  acceptance rate 0.217747 0.18
-75.8159 -75.8159
 mcmc sim 78401  acceptance rate 0.217791 0.235
-76.3939 -76.3939
 mcmc sim 78601  acceptance rate 0.217834 0.235
-85.268 -85.268
 mcmc sim 78801  acceptance rate 0.217865 0.23
-67.8832 -67.8832
 mcmc sim 79001  acceptance rate 0.217909 0.235
-67.9994 -67.9994
 mcmc sim 79201  acceptance rate 0.217851 0.195
-68.2853 -68.2853
 mcmc sim 79401  acceptance rate 0.217793 0.195
-70.104 -70.104
 mcmc sim 79601  acceptance rate 0.217686 0.175
-71.7795 -71.7795
 mcmc sim 79801  acceptance rate 0.217516 0.15
-72.0606 -72.0606
 mcmc sim 80001  acceptance rate 0.217372 0.16
-81.0981 -81.0981
 mcmc sim 80201  acceptance rate 0.217391 0.225
-83.9151 -83.9151
 mcmc sim 80401  acceptance rate 0.217398 0.22
-67.4325 -67.4325
 mcmc sim 80601  acceptance rate 0.217479 0.25
-67.9429 -67.9429
 mcmc sim 80801  acceptance rate 0.217386 0.18
-71.2902 -71.2902
 mcmc sim 81001  acceptance rate 0.217269 0.17
-89.1309 -89.1309
 mcmc sim 81201  acceptance rate 0.217251 0.21
-78.9785 -78.9785
 mcmc sim 81401  acceptance rate 0.217295 0.235
-79.677 -79.677
 mcmc sim 81601  acceptance rate 0.217252 0.2
-79.4954 -79.4954
 mcmc sim 81801  acceptance rate 0.217222 0.205
-80.8174 -80.8174
 mcmc sim 82001  acceptance rate 0.217205 0.21
-71.7961 -71.7961
 mcmc sim 82201  acceptance rate 0.217224 0.225
-72.6539 -72.6539
 mcmc sim 82401  acceptance rate 0.217158 0.19
-85.1591 -85.1591
 mcmc sim 82601  acceptance rate 0.217273 0.265
-79.5323 -79.5323
 mcmc sim 82801  acceptance rate 0.21734 0.245
-79.1208 -79.1208
 mcmc sim 83001  acceptance rate 0.217359 0.225
-84.2229 -84.2229
 mcmc sim 83201  acceptance rate 0.217341 0.21
-80.9122 -80.9122
 mcmc sim 83401  acceptance rate 0.217395 0.24
-85.3757 -85.3757
 mcmc sim 83601  acceptance rate 0.21739 0.215
-87.9335 -87.9335
 mcmc sim 83801  acceptance rate 0.217575 0.295
-85.4191 -85.4191
 mcmc sim 84001  acceptance rate 0.21764 0.245
-79.0394 -79.0394
 mcmc sim 84201  acceptance rate 0.217693 0.24
-83.6695 -83.6695
 mcmc sim 84401  acceptance rate 0.217663 0.205
-80.4394 -80.4394
 mcmc sim 84601  acceptance rate 0.217527 0.16
-72.6351 -72.6351
 mcmc sim 84801  acceptance rate 0.217615 0.255
-76.4674 -76.4674
 mcmc sim 85001  acceptance rate 0.217515 0.175
-77.3123 -77.3123
 mcmc sim 85201  acceptance rate 0.217439 0.185
-73.0707 -73.0707
 mcmc sim 85401  acceptance rate 0.217316 0.165
-71.7574 -71.7574
 mcmc sim 85601  acceptance rate 0.217217 0.175
-71.0997 -71.0997
 mcmc sim 85801  acceptance rate 0.217177 0.2
-78.4969 -78.4969
 mcmc sim 86001  acceptance rate 0.217207 0.23
-74.4697 -74.4697
 mcmc sim 86201  acceptance rate 0.217155 0.195
-73.0874 -73.0874
 mcmc sim 86401  acceptance rate 0.216988 0.145
-70.9845 -70.9845
 mcmc sim 86601  acceptance rate 0.216961 0.205
-82.7506 -82.7506
 mcmc sim 86801  acceptance rate 0.216898 0.19
-71.0843 -71.0843
 mcmc sim 87001  acceptance rate 0.216894 0.215
-83.5311 -83.5311
 mcmc sim 87201  acceptance rate 0.216947 0.24
-79.1639 -79.1639
 mcmc sim 87401  acceptance rate 0.217126 0.295
-73.7263 -73.7263
 mcmc sim 87601  acceptance rate 0.217269 0.28
-74.2212 -74.2212
 mcmc sim 87801  acceptance rate 0.217207 0.19
-66.2576 -66.2576
 mcmc sim 88001  acceptance rate 0.217225 0.225
-63.2537 -63.2537
 mcmc sim 88201  acceptance rate 0.21705 0.14
-82.7207 -82.7207
 mcmc sim 88401  acceptance rate 0.217079 0.23
-81.8292 -81.8292
 mcmc sim 88601  acceptance rate 0.217142 0.245
-86.2394 -86.2394
 mcmc sim 88801  acceptance rate 0.217205 0.245
-70.4429 -70.4429
 mcmc sim 89001  acceptance rate 0.217234 0.23
-76.8769 -76.8769
 mcmc sim 89201  acceptance rate 0.217296 0.245
-80.1163 -80.1163
 mcmc sim 89401  acceptance rate 0.217324 0.23
-80.3425 -80.3425
 mcmc sim 89601  acceptance rate 0.217341 0.225
-77.9924 -77.9924
 mcmc sim 89801  acceptance rate 0.21728 0.19
-83.0825 -83.0825
 mcmc sim 90001  acceptance rate 0.217309 0.23
-85.4304 -85.4304
 mcmc sim 90201  acceptance rate 0.217437 0.275
-79.372 -79.372
 mcmc sim 90401  acceptance rate 0.217487 0.24
-89.8819 -89.8819
 mcmc sim 90601  acceptance rate 0.217547 0.245
-93.3134 -93.3134
 mcmc sim 90801  acceptance rate 0.217674 0.275
-76.4661 -76.4661
 mcmc sim 91001  acceptance rate 0.21769 0.225
-86.1013 -86.1013
 mcmc sim 91201  acceptance rate 0.21775 0.245
-89.0203 -89.0203
 mcmc sim 91401  acceptance rate 0.217788 0.235
-71.9444 -71.9444
 mcmc sim 91601  acceptance rate 0.21788 0.26
-75.4594 -75.4594
 mcmc sim 91801  acceptance rate 0.217873 0.215
-65.6347 -65.6347
 mcmc sim 92001  acceptance rate 0.217911 0.235
-65.5807 -65.5807
 mcmc sim 92201  acceptance rate 0.217753 0.145
-77.5045 -77.5045
 mcmc sim 92401  acceptance rate 0.21766 0.175
-77.2875 -77.2875
 mcmc sim 92601  acceptance rate 0.217676 0.225
-77.4794 -77.4794
 mcmc sim 92801  acceptance rate 0.217767 0.26
-81.611 -81.611
 mcmc sim 93001  acceptance rate 0.217836 0.25
-77.2675 -77.2675
 mcmc sim 93201  acceptance rate 0.217691 0.15
-77.0872 -77.0872
 mcmc sim 93401  acceptance rate 0.217696 0.22
-73.3517 -73.3517
 mcmc sim 93601  acceptance rate 0.217775 0.255
-70.5039 -70.5039
 mcmc sim 93801  acceptance rate 0.21778 0.22
-72.6206 -72.6206
 mcmc sim 94001  acceptance rate 0.217742 0.2
-65.0533 -65.0533
 mcmc sim 94201  acceptance rate 0.217641 0.17
-67.0351 -67.0351
 mcmc sim 94401  acceptance rate 0.21754 0.17
-68.339 -68.339
 mcmc sim 94601  acceptance rate 0.217492 0.195
-65.6531 -65.6531
 mcmc sim 94801  acceptance rate 0.217382 0.165
-64.949 -64.949
 mcmc sim 95001  acceptance rate 0.21725 0.155
-67.9044 -67.9044
 mcmc sim 95201  acceptance rate 0.217141 0.165
-79.758 -79.758
 mcmc sim 95401  acceptance rate 0.217105 0.2
-85.3438 -85.3438
 mcmc sim 95601  acceptance rate 0.217289 0.305
-85.8006 -85.8006
 mcmc sim 95801  acceptance rate 0.217461 0.3
-79.1679 -79.1679
 mcmc sim 96001  acceptance rate 0.21755 0.26
-76.5797 -76.5797
 mcmc sim 96201  acceptance rate 0.217555 0.22
-83.0374 -83.0374
 mcmc sim 96401  acceptance rate 0.217601 0.24
-78.4011 -78.4011
 mcmc sim 96601  acceptance rate 0.217606 0.22
-72.9029 -72.9029
 mcmc sim 96801  acceptance rate 0.21756 0.195
-74.0944 -74.0944
 mcmc sim 97001  acceptance rate 0.217493 0.185
-74.4053 -74.4053
 mcmc sim 97201  acceptance rate 0.217457 0.2
-71.976 -71.976
 mcmc sim 97401  acceptance rate 0.217298 0.14
-76.9958 -76.9958
 mcmc sim 97601  acceptance rate 0.217272 0.205
-86.0104 -86.0104
 mcmc sim 97801  acceptance rate 0.217309 0.235
-91.6112 -91.6112
 mcmc sim 98001  acceptance rate 0.217477 0.3
-80.9561 -80.9561
 mcmc sim 98201  acceptance rate 0.217615 0.285
-77.7736 -77.7736
 mcmc sim 98401  acceptance rate 0.217589 0.205
-81.2611 -81.2611
 mcmc sim 98601  acceptance rate 0.217513 0.18
-78.3941 -78.3941
 mcmc sim 98801  acceptance rate 0.217548 0.235
-84.0395 -84.0395
 mcmc sim 99001  acceptance rate 0.217563 0.225
-80.0393 -80.0393
 mcmc sim 99201  acceptance rate 0.217457 0.165
-80.8485 -80.8485
 mcmc sim 99401  acceptance rate 0.217392 0.185
-71.0057 -71.0057
 mcmc sim 99601  acceptance rate 0.217367 0.205
-83.467 -83.467
 mcmc sim 99801  acceptance rate 0.217322 0.195
0.21729
In write empirical covariance matrix
 3.22821e-05 5.92808e-05 0.00039563 0.000487146 0.000952402 0.00123441 0.00142467 0.0017946 0.00221739 0.00278032 0.00353905 0.00428722 0.0047118 0.00540316 0.0061141 0.00626487 0.00741016 0.00827142 0.00941898 0.00982091 0.0103402 0.0105537 0.0111924 0.0117811 0.0122979 0.0139791 0.0142411 0.0158167 0.0166227 0.0183577 0.0225117 0.0226211 0.0263562 0.0288332 0.0323092 0.090368 0.0940745 0.108771 0.12829 0.182222 0.208118 0.222366 0.226293 0.258069 0.305693 0.486128 0.594397 1.02004 2.20091 5.23824 11.3495 22.7458
